0
435.310523, 10.955386

1
432.062454, 13.597730
435.310523, 10.955386

2
421.882520, 13.269464
435.310523, 10.955386

3
371.913347, 9.738020

4
377.806138, 9.299915
371.913347, 9.738020

5
377.806138, 9.299915
371.913347, 9.738020

6
377.806138, 9.299915
371.913347, 9.738020

7
360.491404, 11.649046
377.806138, 9.299915
371.913347, 9.738020

8
360.491404, 11.649046
377.806138, 9.299915
371.913347, 9.738020

9
289.285990, 10.016323
377.806138, 9.299915
371.913347, 9.738020

10
289.285990, 10.016323
377.806138, 9.299915
371.913347, 9.738020

11
289.285990, 10.016323
377.806138, 9.299915
371.913347, 9.738020

12
371.724335, 9.465931
289.285990, 10.016323
377.806138, 9.299915

13
270.205372, 6.683505

14
270.205372, 6.683505

15
270.205372, 6.683505

16
225.897028, 6.271404

17
225.897028, 6.271404

18
225.897028, 6.271404

19
225.897028, 6.271404

20
225.897028, 6.271404

21
225.897028, 6.271404

22
225.897028, 6.271404

23
225.897028, 6.271404

24
225.897028, 6.271404

25
225.897028, 6.271404

26
225.897028, 6.271404

27
225.897028, 6.271404

28
255.323534, 5.948881
225.897028, 6.271404

29
255.323534, 5.948881
225.897028, 6.271404

30
191.765279, 4.749345

31
191.765279, 4.749345

32
191.765279, 4.749345

33
191.765279, 4.749345

34
191.765279, 4.749345

35
191.765279, 4.749345

36
191.765279, 4.749345

37
191.765279, 4.749345

38
191.765279, 4.749345

39
199.899972, 4.363616
191.765279, 4.749345

40
199.899972, 4.363616
191.765279, 4.749345

41
177.582114, 4.110649

42
177.582114, 4.110649

43
177.582114, 4.110649

44
177.582114, 4.110649

45
177.582114, 4.110649

46
177.582114, 4.110649

47
177.582114, 4.110649

48
177.582114, 4.110649

49
177.582114, 4.110649

50
177.582114, 4.110649

51
177.582114, 4.110649

52
177.582114, 4.110649

53
177.582114, 4.110649

54
177.582114, 4.110649

55
177.582114, 4.110649

56
140.978522, 3.870697

57
140.978522, 3.870697

58
142.659497, 3.864609
135.491439, 4.181396
140.978522, 3.870697

59
138.462805, 3.594941
135.491439, 4.181396

60
138.462805, 3.594941
135.491439, 4.181396

61
138.462805, 3.594941
135.491439, 4.181396

62
138.462805, 3.594941
135.491439, 4.181396

63
138.462805, 3.594941
135.491439, 4.181396

64
138.462805, 3.594941
135.491439, 4.181396

65
138.462805, 3.594941
135.491439, 4.181396

66
138.462805, 3.594941
135.491439, 4.181396

67
138.462805, 3.594941
135.491439, 4.181396

68
138.462805, 3.594941
135.491439, 4.181396

69
138.462805, 3.594941
135.491439, 4.181396

70
138.462805, 3.594941
135.491439, 4.181396

71
138.462805, 3.594941
135.491439, 4.181396

72
138.462805, 3.594941
135.491439, 4.181396

73
138.462805, 3.594941
135.491439, 4.181396

74
138.462805, 3.594941
135.491439, 4.181396

75
119.190220, 3.572997

76
119.190220, 3.572997

77
119.190220, 3.572997

78
102.008678, 2.631143

79
102.008678, 2.631143

80
102.008678, 2.631143

81
102.008678, 2.631143

82
102.008678, 2.631143

83
102.008678, 2.631143

84
102.008678, 2.631143

85
102.008678, 2.631143

86
102.008678, 2.631143

87
102.008678, 2.631143

88
102.008678, 2.631143

89
102.008678, 2.631143

90
102.008678, 2.631143

91
102.008678, 2.631143

92
102.008678, 2.631143

93
102.008678, 2.631143

94
102.008678, 2.631143

95
102.008678, 2.631143

96
102.008678, 2.631143

97
102.008678, 2.631143

98
102.008678, 2.631143

99
102.008678, 2.631143

100
102.008678, 2.631143

101
102.008678, 2.631143

102
102.008678, 2.631143

103
102.008678, 2.631143

104
102.008678, 2.631143

105
102.008678, 2.631143

106
102.008678, 2.631143

107
102.008678, 2.631143

108
102.008678, 2.631143

109
102.008678, 2.631143

110
102.008678, 2.631143

111
102.008678, 2.631143

112
102.008678, 2.631143

113
102.008678, 2.631143

114
102.008678, 2.631143

115
102.008678, 2.631143

116
102.008678, 2.631143

117
102.008678, 2.631143

118
102.008678, 2.631143

119
102.008678, 2.631143

120
102.008678, 2.631143

121
102.008678, 2.631143

122
102.008678, 2.631143

123
102.008678, 2.631143

124
102.008678, 2.631143

125
102.008678, 2.631143

126
102.008678, 2.631143

127
102.008678, 2.631143

128
102.008678, 2.631143

129
102.008678, 2.631143

130
102.008678, 2.631143

131
102.008678, 2.631143

132
102.008678, 2.631143

133
102.008678, 2.631143

134
102.008678, 2.631143

135
102.008678, 2.631143

136
102.008678, 2.631143

137
109.266914, 2.317625
102.008678, 2.631143

138
109.266914, 2.317625
102.008678, 2.631143

139
109.266914, 2.317625
102.008678, 2.631143

140
87.684504, 2.743423
109.266914, 2.317625
102.008678, 2.631143

141
87.684504, 2.743423
109.266914, 2.317625
102.008678, 2.631143

142
87.684504, 2.743423
109.266914, 2.317625
102.008678, 2.631143

143
87.684504, 2.743423
109.266914, 2.317625
102.008678, 2.631143

144
87.684504, 2.743423
109.266914, 2.317625
102.008678, 2.631143

145
87.684504, 2.743423
109.266914, 2.317625
102.008678, 2.631143

146
87.684504, 2.743423
109.266914, 2.317625
102.008678, 2.631143

147
87.684504, 2.743423
109.266914, 2.317625
102.008678, 2.631143

148
87.684504, 2.743423
109.266914, 2.317625
102.008678, 2.631143

149
87.684504, 2.743423
109.266914, 2.317625
102.008678, 2.631143

150
87.684504, 2.743423
109.266914, 2.317625
102.008678, 2.631143

151
87.684504, 2.743423
109.266914, 2.317625
102.008678, 2.631143

152
87.684504, 2.743423
109.266914, 2.317625
102.008678, 2.631143

153
87.684504, 2.743423
109.266914, 2.317625
102.008678, 2.631143

154
87.684504, 2.743423
109.266914, 2.317625
102.008678, 2.631143

155
87.684504, 2.743423
109.266914, 2.317625
102.008678, 2.631143

156
87.684504, 2.743423
109.266914, 2.317625
102.008678, 2.631143

157
87.684504, 2.743423
109.266914, 2.317625
102.008678, 2.631143

158
87.684504, 2.743423
109.266914, 2.317625
102.008678, 2.631143

159
87.684504, 2.743423
109.266914, 2.317625
102.008678, 2.631143

160
87.684504, 2.743423
109.266914, 2.317625
102.008678, 2.631143

161
87.684504, 2.743423
109.266914, 2.317625
102.008678, 2.631143

162
87.684504, 2.743423
109.266914, 2.317625
102.008678, 2.631143

163
87.684504, 2.743423
109.266914, 2.317625
102.008678, 2.631143

164
87.684504, 2.743423
109.266914, 2.317625
102.008678, 2.631143

165
87.684504, 2.743423
109.266914, 2.317625
102.008678, 2.631143

166
87.684504, 2.743423
109.266914, 2.317625
102.008678, 2.631143

167
87.684504, 2.743423
109.266914, 2.317625
102.008678, 2.631143

168
87.684504, 2.743423
109.266914, 2.317625
102.008678, 2.631143

169
87.684504, 2.743423
109.266914, 2.317625
102.008678, 2.631143

170
87.684504, 2.743423
109.266914, 2.317625
102.008678, 2.631143

171
87.684504, 2.743423
109.266914, 2.317625
102.008678, 2.631143

172
87.684504, 2.743423
109.266914, 2.317625
102.008678, 2.631143

173
87.684504, 2.743423
109.266914, 2.317625
102.008678, 2.631143

174
87.684504, 2.743423
109.266914, 2.317625
102.008678, 2.631143

175
87.684504, 2.743423
109.266914, 2.317625
102.008678, 2.631143

176
87.684504, 2.743423
109.266914, 2.317625
102.008678, 2.631143

177
87.684504, 2.743423
109.266914, 2.317625
102.008678, 2.631143

178
87.684504, 2.743423
109.266914, 2.317625
102.008678, 2.631143

179
87.684504, 2.743423
109.266914, 2.317625
102.008678, 2.631143

180
87.684504, 2.743423
109.266914, 2.317625
102.008678, 2.631143

181
87.684504, 2.743423
109.266914, 2.317625
102.008678, 2.631143

182
87.684504, 2.743423
109.266914, 2.317625
102.008678, 2.631143

183
90.925753, 2.238102
87.684504, 2.743423

184
90.925753, 2.238102
87.684504, 2.743423

185
90.925753, 2.238102
87.684504, 2.743423

186
90.925753, 2.238102
87.684504, 2.743423

187
90.925753, 2.238102
87.684504, 2.743423

188
90.925753, 2.238102
87.684504, 2.743423

189
90.925753, 2.238102
87.684504, 2.743423

190
90.925753, 2.238102
87.684504, 2.743423

191
90.925753, 2.238102
87.684504, 2.743423

192
90.925753, 2.238102
87.684504, 2.743423

193
90.925753, 2.238102
87.684504, 2.743423

194
90.925753, 2.238102
87.684504, 2.743423

195
90.925753, 2.238102
87.684504, 2.743423

196
90.925753, 2.238102
87.684504, 2.743423

197
90.925753, 2.238102
87.684504, 2.743423

198
90.925753, 2.238102
87.684504, 2.743423

199
90.925753, 2.238102
87.684504, 2.743423

200
90.925753, 2.238102
87.684504, 2.743423

201
90.925753, 2.238102
87.684504, 2.743423

202
90.925753, 2.238102
87.684504, 2.743423

203
90.925753, 2.238102
87.684504, 2.743423

204
90.925753, 2.238102
87.684504, 2.743423

205
90.925753, 2.238102
87.684504, 2.743423

206
90.925753, 2.238102
87.684504, 2.743423

207
90.925753, 2.238102
87.684504, 2.743423

208
90.925753, 2.238102
87.684504, 2.743423

209
90.925753, 2.238102
87.684504, 2.743423

210
90.925753, 2.238102
87.684504, 2.743423

211
90.925753, 2.238102
87.684504, 2.743423

212
90.925753, 2.238102
87.684504, 2.743423

213
90.925753, 2.238102
87.684504, 2.743423

214
90.925753, 2.238102
87.684504, 2.743423

215
90.925753, 2.238102
87.684504, 2.743423

216
90.925753, 2.238102
87.684504, 2.743423

217
90.925753, 2.238102
87.684504, 2.743423

218
90.925753, 2.238102
87.684504, 2.743423

219
90.925753, 2.238102
87.684504, 2.743423

220
90.925753, 2.238102
87.684504, 2.743423

221
90.925753, 2.238102
87.684504, 2.743423

222
90.925753, 2.238102
87.684504, 2.743423

223
90.925753, 2.238102
87.684504, 2.743423

224
90.925753, 2.238102
87.684504, 2.743423

225
90.925753, 2.238102
87.684504, 2.743423

226
90.925753, 2.238102
87.684504, 2.743423

227
90.925753, 2.238102
87.684504, 2.743423

228
90.925753, 2.238102
87.684504, 2.743423

229
90.925753, 2.238102
87.684504, 2.743423

230
90.925753, 2.238102
87.684504, 2.743423

231
90.925753, 2.238102
87.684504, 2.743423

232
90.925753, 2.238102
87.684504, 2.743423

233
90.925753, 2.238102
87.684504, 2.743423

234
90.925753, 2.238102
87.684504, 2.743423

235
90.925753, 2.238102
87.684504, 2.743423

236
90.925753, 2.238102
87.684504, 2.743423

237
90.925753, 2.238102
87.684504, 2.743423

238
90.925753, 2.238102
87.684504, 2.743423

239
90.925753, 2.238102
87.684504, 2.743423

240
90.925753, 2.238102
87.684504, 2.743423

241
90.925753, 2.238102
87.684504, 2.743423

242
90.925753, 2.238102
87.684504, 2.743423

243
90.925753, 2.238102
87.684504, 2.743423

244
90.925753, 2.238102
87.684504, 2.743423

245
90.925753, 2.238102
87.684504, 2.743423

246
90.925753, 2.238102
87.684504, 2.743423

247
90.925753, 2.238102
87.684504, 2.743423

248
90.925753, 2.238102
87.684504, 2.743423

249
90.925753, 2.238102
87.684504, 2.743423

250
90.925753, 2.238102
87.684504, 2.743423

251
90.925753, 2.238102
87.684504, 2.743423

252
90.925753, 2.238102
87.684504, 2.743423

253
90.925753, 2.238102
87.684504, 2.743423

254
90.925753, 2.238102
87.684504, 2.743423

255
90.925753, 2.238102
87.684504, 2.743423

256
90.925753, 2.238102
87.684504, 2.743423

257
90.925753, 2.238102
87.684504, 2.743423

258
90.925753, 2.238102
87.684504, 2.743423

259
90.925753, 2.238102
87.684504, 2.743423

260
90.925753, 2.238102
87.684504, 2.743423

261
90.925753, 2.238102
87.684504, 2.743423

262
90.925753, 2.238102
87.684504, 2.743423

263
90.925753, 2.238102
87.684504, 2.743423

264
90.925753, 2.238102
87.684504, 2.743423

265
90.925753, 2.238102
87.684504, 2.743423

266
90.925753, 2.238102
87.684504, 2.743423

267
90.925753, 2.238102
87.684504, 2.743423

268
90.925753, 2.238102
87.684504, 2.743423

269
90.925753, 2.238102
87.684504, 2.743423

270
90.925753, 2.238102
87.684504, 2.743423

271
90.925753, 2.238102
87.684504, 2.743423

272
90.925753, 2.238102
87.684504, 2.743423

273
88.249077, 2.384876
90.925753, 2.238102
87.684504, 2.743423

274
88.249077, 2.384876
90.925753, 2.238102
87.684504, 2.743423

275
88.249077, 2.384876
90.925753, 2.238102
87.684504, 2.743423

276
88.249077, 2.384876
90.925753, 2.238102
87.684504, 2.743423

277
88.249077, 2.384876
90.925753, 2.238102
87.684504, 2.743423

278
88.249077, 2.384876
90.925753, 2.238102
87.684504, 2.743423

279
88.249077, 2.384876
90.925753, 2.238102
87.684504, 2.743423

280
88.249077, 2.384876
90.925753, 2.238102
87.684504, 2.743423

281
88.249077, 2.384876
90.925753, 2.238102
87.684504, 2.743423

282
88.249077, 2.384876
90.925753, 2.238102
87.684504, 2.743423

283
88.249077, 2.384876
90.925753, 2.238102
87.684504, 2.743423

284
88.249077, 2.384876
90.925753, 2.238102
87.684504, 2.743423

285
88.249077, 2.384876
90.925753, 2.238102
87.684504, 2.743423

286
88.249077, 2.384876
90.925753, 2.238102
87.684504, 2.743423

287
88.249077, 2.384876
90.925753, 2.238102
87.684504, 2.743423

288
88.249077, 2.384876
90.925753, 2.238102
87.684504, 2.743423

289
88.249077, 2.384876
90.925753, 2.238102
87.684504, 2.743423

290
88.249077, 2.384876
90.925753, 2.238102
87.684504, 2.743423

291
88.249077, 2.384876
90.925753, 2.238102
87.684504, 2.743423

292
88.249077, 2.384876
90.925753, 2.238102
87.684504, 2.743423

293
88.249077, 2.384876
90.925753, 2.238102
87.684504, 2.743423

294
88.249077, 2.384876
90.925753, 2.238102
87.684504, 2.743423

295
88.249077, 2.384876
90.925753, 2.238102
87.684504, 2.743423

296
88.249077, 2.384876
90.925753, 2.238102
87.684504, 2.743423

297
88.249077, 2.384876
90.925753, 2.238102
87.684504, 2.743423

298
88.249077, 2.384876
90.925753, 2.238102
87.684504, 2.743423

299
88.249077, 2.384876
90.925753, 2.238102
87.684504, 2.743423

300
88.249077, 2.384876
90.925753, 2.238102
87.684504, 2.743423

301
88.249077, 2.384876
90.925753, 2.238102
87.684504, 2.743423

302
88.249077, 2.384876
90.925753, 2.238102
87.684504, 2.743423

303
88.249077, 2.384876
90.925753, 2.238102
87.684504, 2.743423

304
88.249077, 2.384876
90.925753, 2.238102
87.684504, 2.743423

305
88.249077, 2.384876
90.925753, 2.238102
87.684504, 2.743423

306
88.249077, 2.384876
90.925753, 2.238102
87.684504, 2.743423

307
88.249077, 2.384876
90.925753, 2.238102
87.684504, 2.743423

308
88.249077, 2.384876
90.925753, 2.238102
87.684504, 2.743423

309
88.249077, 2.384876
90.925753, 2.238102
87.684504, 2.743423

310
88.249077, 2.384876
90.925753, 2.238102
87.684504, 2.743423

311
88.249077, 2.384876
90.925753, 2.238102
87.684504, 2.743423

312
88.249077, 2.384876
90.925753, 2.238102
87.684504, 2.743423

313
88.249077, 2.384876
90.925753, 2.238102
87.684504, 2.743423

314
88.249077, 2.384876
90.925753, 2.238102
87.684504, 2.743423

315
88.249077, 2.384876
90.925753, 2.238102
87.684504, 2.743423

316
88.249077, 2.384876
90.925753, 2.238102
87.684504, 2.743423

317
88.249077, 2.384876
90.925753, 2.238102
87.684504, 2.743423

318
88.249077, 2.384876
90.925753, 2.238102
87.684504, 2.743423

319
88.249077, 2.384876
90.925753, 2.238102
87.684504, 2.743423

320
88.249077, 2.384876
90.925753, 2.238102
87.684504, 2.743423

321
88.249077, 2.384876
90.925753, 2.238102
87.684504, 2.743423

322
88.249077, 2.384876
90.925753, 2.238102
87.684504, 2.743423

323
88.249077, 2.384876
90.925753, 2.238102
87.684504, 2.743423

324
88.249077, 2.384876
90.925753, 2.238102
87.684504, 2.743423

325
88.249077, 2.384876
90.925753, 2.238102
87.684504, 2.743423

326
88.249077, 2.384876
90.925753, 2.238102
87.684504, 2.743423

327
88.249077, 2.384876
90.925753, 2.238102
87.684504, 2.743423

328
88.249077, 2.384876
90.925753, 2.238102
87.684504, 2.743423

329
88.249077, 2.384876
90.925753, 2.238102
87.684504, 2.743423

330
88.249077, 2.384876
90.925753, 2.238102
87.684504, 2.743423

331
88.249077, 2.384876
90.925753, 2.238102
87.684504, 2.743423

332
88.249077, 2.384876
90.925753, 2.238102
87.684504, 2.743423

333
88.249077, 2.384876
90.925753, 2.238102
87.684504, 2.743423

334
88.249077, 2.384876
90.925753, 2.238102
87.684504, 2.743423

335
88.249077, 2.384876
90.925753, 2.238102
87.684504, 2.743423

336
88.249077, 2.384876
90.925753, 2.238102
87.684504, 2.743423

337
88.249077, 2.384876
90.925753, 2.238102
87.684504, 2.743423

338
88.249077, 2.384876
90.925753, 2.238102
87.684504, 2.743423

339
88.249077, 2.384876
90.925753, 2.238102
87.684504, 2.743423

340
88.249077, 2.384876
90.925753, 2.238102
87.684504, 2.743423

341
88.249077, 2.384876
90.925753, 2.238102
87.684504, 2.743423

342
88.249077, 2.384876
90.925753, 2.238102
87.684504, 2.743423

343
88.249077, 2.384876
90.925753, 2.238102
87.684504, 2.743423

344
88.249077, 2.384876
90.925753, 2.238102
87.684504, 2.743423

345
88.249077, 2.384876
90.925753, 2.238102
87.684504, 2.743423

346
88.249077, 2.384876
90.925753, 2.238102
87.684504, 2.743423

347
88.249077, 2.384876
90.925753, 2.238102
87.684504, 2.743423

348
88.249077, 2.384876
90.925753, 2.238102
87.684504, 2.743423

349
88.249077, 2.384876
90.925753, 2.238102
87.684504, 2.743423

350
88.249077, 2.384876
90.925753, 2.238102
87.684504, 2.743423

351
88.249077, 2.384876
90.925753, 2.238102
87.684504, 2.743423

352
88.249077, 2.384876
90.925753, 2.238102
87.684504, 2.743423

353
88.249077, 2.384876
90.925753, 2.238102
87.684504, 2.743423

354
88.249077, 2.384876
90.925753, 2.238102
87.684504, 2.743423

355
88.249077, 2.384876
90.925753, 2.238102
87.684504, 2.743423

356
88.249077, 2.384876
90.925753, 2.238102
87.684504, 2.743423

357
88.249077, 2.384876
90.925753, 2.238102
87.684504, 2.743423

358
88.249077, 2.384876
90.925753, 2.238102
87.684504, 2.743423

359
88.249077, 2.384876
90.925753, 2.238102
87.684504, 2.743423

360
88.249077, 2.384876
90.925753, 2.238102
87.684504, 2.743423

361
88.249077, 2.384876
90.925753, 2.238102
87.684504, 2.743423

362
88.249077, 2.384876
90.925753, 2.238102
87.684504, 2.743423

363
88.249077, 2.384876
90.925753, 2.238102
87.684504, 2.743423

364
88.249077, 2.384876
90.925753, 2.238102
87.684504, 2.743423

365
88.249077, 2.384876
90.925753, 2.238102
87.684504, 2.743423

366
88.249077, 2.384876
90.925753, 2.238102
87.684504, 2.743423

367
88.249077, 2.384876
90.925753, 2.238102
87.684504, 2.743423

368
88.249077, 2.384876
90.925753, 2.238102
87.684504, 2.743423

369
88.249077, 2.384876
90.925753, 2.238102
87.684504, 2.743423

370
88.249077, 2.384876
90.925753, 2.238102
87.684504, 2.743423

371
88.249077, 2.384876
90.925753, 2.238102
87.684504, 2.743423

372
88.249077, 2.384876
90.925753, 2.238102
87.684504, 2.743423

373
88.249077, 2.384876
90.925753, 2.238102
87.684504, 2.743423

374
88.249077, 2.384876
90.925753, 2.238102
87.684504, 2.743423

375
88.249077, 2.384876
90.925753, 2.238102
87.684504, 2.743423

376
88.249077, 2.384876
90.925753, 2.238102
87.684504, 2.743423

377
88.249077, 2.384876
90.925753, 2.238102
87.684504, 2.743423

378
88.249077, 2.384876
90.925753, 2.238102
87.684504, 2.743423

379
88.249077, 2.384876
90.925753, 2.238102
87.684504, 2.743423

380
88.249077, 2.384876
90.925753, 2.238102
87.684504, 2.743423

381
88.249077, 2.384876
90.925753, 2.238102
87.684504, 2.743423

382
88.249077, 2.384876
90.925753, 2.238102
87.684504, 2.743423

383
88.249077, 2.384876
90.925753, 2.238102
87.684504, 2.743423

384
88.249077, 2.384876
90.925753, 2.238102
87.684504, 2.743423

385
88.249077, 2.384876
90.925753, 2.238102
87.684504, 2.743423

386
88.249077, 2.384876
90.925753, 2.238102
87.684504, 2.743423

387
88.249077, 2.384876
90.925753, 2.238102
87.684504, 2.743423

388
88.249077, 2.384876
90.925753, 2.238102
87.684504, 2.743423

389
88.249077, 2.384876
90.925753, 2.238102
87.684504, 2.743423

390
88.249077, 2.384876
90.925753, 2.238102
87.684504, 2.743423

391
88.249077, 2.384876
90.925753, 2.238102
87.684504, 2.743423

392
88.249077, 2.384876
90.925753, 2.238102
87.684504, 2.743423

393
88.249077, 2.384876
90.925753, 2.238102
87.684504, 2.743423

394
88.249077, 2.384876
90.925753, 2.238102
87.684504, 2.743423

395
88.249077, 2.384876
90.925753, 2.238102
87.684504, 2.743423

396
88.249077, 2.384876
90.925753, 2.238102
87.684504, 2.743423

397
88.249077, 2.384876
90.925753, 2.238102
87.684504, 2.743423

398
88.249077, 2.384876
90.925753, 2.238102
87.684504, 2.743423

399
88.249077, 2.384876
90.925753, 2.238102
87.684504, 2.743423

400
88.249077, 2.384876
90.925753, 2.238102
87.684504, 2.743423

401
88.249077, 2.384876
90.925753, 2.238102
87.684504, 2.743423

402
88.249077, 2.384876
90.925753, 2.238102
87.684504, 2.743423

403
88.249077, 2.384876
90.925753, 2.238102
87.684504, 2.743423

404
88.249077, 2.384876
90.925753, 2.238102
87.684504, 2.743423

405
88.249077, 2.384876
90.925753, 2.238102
87.684504, 2.743423

406
88.249077, 2.384876
90.925753, 2.238102
87.684504, 2.743423

407
88.249077, 2.384876
90.925753, 2.238102
87.684504, 2.743423

408
88.249077, 2.384876
90.925753, 2.238102
87.684504, 2.743423

409
88.249077, 2.384876
90.925753, 2.238102
87.684504, 2.743423

410
88.249077, 2.384876
90.925753, 2.238102
87.684504, 2.743423

411
88.249077, 2.384876
90.925753, 2.238102
87.684504, 2.743423

412
88.249077, 2.384876
90.925753, 2.238102
87.684504, 2.743423

413
88.249077, 2.384876
90.925753, 2.238102
87.684504, 2.743423

414
88.249077, 2.384876
90.925753, 2.238102
87.684504, 2.743423

415
88.249077, 2.384876
90.925753, 2.238102
87.684504, 2.743423

416
88.249077, 2.384876
90.925753, 2.238102
87.684504, 2.743423

417
88.249077, 2.384876
90.925753, 2.238102
87.684504, 2.743423

418
88.249077, 2.384876
90.925753, 2.238102
87.684504, 2.743423

419
88.249077, 2.384876
90.925753, 2.238102
87.684504, 2.743423

420
88.249077, 2.384876
90.925753, 2.238102
87.684504, 2.743423

421
88.249077, 2.384876
90.925753, 2.238102
87.684504, 2.743423

422
88.249077, 2.384876
90.925753, 2.238102
87.684504, 2.743423

423
88.249077, 2.384876
90.925753, 2.238102
87.684504, 2.743423

424
64.045708, 2.294600
90.925753, 2.238102

425
64.045708, 2.294600
90.925753, 2.238102

426
64.045708, 2.294600
90.925753, 2.238102

427
64.045708, 2.294600
90.925753, 2.238102

428
64.045708, 2.294600
90.925753, 2.238102

429
64.045708, 2.294600
90.925753, 2.238102

430
64.045708, 2.294600
90.925753, 2.238102

431
64.045708, 2.294600
90.925753, 2.238102

432
65.010434, 2.095088
64.045708, 2.294600

433
65.010434, 2.095088
64.045708, 2.294600

434
65.010434, 2.095088
64.045708, 2.294600

435
65.010434, 2.095088
64.045708, 2.294600

436
65.010434, 2.095088
64.045708, 2.294600

437
65.010434, 2.095088
64.045708, 2.294600

438
65.010434, 2.095088
64.045708, 2.294600

439
65.010434, 2.095088
64.045708, 2.294600

440
65.010434, 2.095088
64.045708, 2.294600

441
65.010434, 2.095088
64.045708, 2.294600

442
65.010434, 2.095088
64.045708, 2.294600

443
65.010434, 2.095088
64.045708, 2.294600

444
65.010434, 2.095088
64.045708, 2.294600

445
62.439928, 1.779474

446
62.439928, 1.779474

447
62.439928, 1.779474

448
62.439928, 1.779474

449
62.439928, 1.779474

450
62.439928, 1.779474

451
62.439928, 1.779474

452
62.439928, 1.779474

453
61.340507, 1.904057
62.439928, 1.779474

454
61.340507, 1.904057
62.439928, 1.779474

455
61.340507, 1.904057
62.439928, 1.779474

456
61.340507, 1.904057
62.439928, 1.779474

457
61.340507, 1.904057
62.439928, 1.779474

458
57.057055, 2.099706
64.099704, 1.760612
61.340507, 1.904057
62.439928, 1.779474

459
57.057055, 2.099706
64.099704, 1.760612
61.340507, 1.904057
62.439928, 1.779474

460
60.819711, 1.914596
57.057055, 2.099706
64.099704, 1.760612
61.340507, 1.904057
62.439928, 1.779474

461
52.311698, 1.590679

462
52.311698, 1.590679

463
52.311698, 1.590679

464
52.311698, 1.590679

465
52.311698, 1.590679

466
52.140650, 1.658263
51.480342, 1.886241
52.311698, 1.590679

467
52.140650, 1.658263
51.480342, 1.886241
52.311698, 1.590679

468
52.140650, 1.658263
51.480342, 1.886241
52.311698, 1.590679

469
49.015096, 2.034719
52.140650, 1.658263
51.480342, 1.886241
52.311698, 1.590679

470
44.820804, 1.616029
52.311698, 1.590679

471
44.820804, 1.616029
52.311698, 1.590679

472
44.989916, 1.591959
44.820804, 1.616029
52.311698, 1.590679

473
43.216586, 1.696164
44.989916, 1.591959
44.820804, 1.616029
52.311698, 1.590679

474
43.216586, 1.696164
44.989916, 1.591959
44.820804, 1.616029
52.311698, 1.590679

475
43.216586, 1.696164
44.989916, 1.591959
44.820804, 1.616029
52.311698, 1.590679

476
43.216586, 1.696164
44.989916, 1.591959
44.820804, 1.616029
52.311698, 1.590679

477
43.216586, 1.696164
44.989916, 1.591959
44.820804, 1.616029
52.311698, 1.590679

478
43.216586, 1.696164
44.989916, 1.591959
44.820804, 1.616029
52.311698, 1.590679

479
43.216586, 1.696164
44.989916, 1.591959
44.820804, 1.616029
52.311698, 1.590679

480
43.874675, 1.672726
43.216586, 1.696164
44.989916, 1.591959
44.820804, 1.616029
52.311698, 1.590679

481
43.874675, 1.672726
43.216586, 1.696164
44.989916, 1.591959
44.820804, 1.616029
52.311698, 1.590679

482
43.874675, 1.672726
43.216586, 1.696164
44.989916, 1.591959
44.820804, 1.616029
52.311698, 1.590679

483
43.874675, 1.672726
43.216586, 1.696164
44.989916, 1.591959
44.820804, 1.616029
52.311698, 1.590679

484
43.874675, 1.672726
43.216586, 1.696164
44.989916, 1.591959
44.820804, 1.616029
52.311698, 1.590679

485
38.131592, 1.678885
43.874675, 1.672726
44.989916, 1.591959
44.820804, 1.616029
52.311698, 1.590679

486
44.435204, 1.559036
38.131592, 1.678885
43.874675, 1.672726

487
37.052998, 1.656671
44.435204, 1.559036

488
37.052998, 1.656671
44.435204, 1.559036

489
37.052998, 1.656671
44.435204, 1.559036

490
32.525902, 1.699290
44.413003, 1.605270
37.052998, 1.656671
44.435204, 1.559036

491
32.525902, 1.699290
44.413003, 1.605270
37.052998, 1.656671
44.435204, 1.559036

492
32.374806, 1.670278
44.413003, 1.605270
37.052998, 1.656671
44.435204, 1.559036

493
32.374806, 1.670278
44.413003, 1.605270
37.052998, 1.656671
44.435204, 1.559036

494
32.374806, 1.670278
44.413003, 1.605270
37.052998, 1.656671
44.435204, 1.559036

495
32.374806, 1.670278
44.413003, 1.605270
37.052998, 1.656671
44.435204, 1.559036

496
32.374806, 1.670278
44.413003, 1.605270
37.052998, 1.656671
44.435204, 1.559036

497
32.374806, 1.670278
44.413003, 1.605270
37.052998, 1.656671
44.435204, 1.559036

498
32.374806, 1.670278
44.413003, 1.605270
37.052998, 1.656671
44.435204, 1.559036

499
25.200841, 1.615576
44.413003, 1.605270
44.435204, 1.559036

500
25.200841, 1.615576
44.413003, 1.605270
44.435204, 1.559036

501
25.200841, 1.615576
44.413003, 1.605270
44.435204, 1.559036

502
25.200841, 1.615576
44.413003, 1.605270
44.435204, 1.559036

503
25.200841, 1.615576
44.413003, 1.605270
44.435204, 1.559036

504
27.990485, 1.583924
25.200841, 1.615576
44.435204, 1.559036

505
27.990485, 1.583924
25.200841, 1.615576
44.435204, 1.559036

506
27.990485, 1.583924
25.200841, 1.615576
44.435204, 1.559036

507
27.990485, 1.583924
25.200841, 1.615576
44.435204, 1.559036

508
27.990485, 1.583924
25.200841, 1.615576
44.435204, 1.559036

509
31.482317, 1.571224
27.990485, 1.583924
25.200841, 1.615576
44.435204, 1.559036

510
22.433519, 1.726781
31.482317, 1.571224
27.990485, 1.583924
25.200841, 1.615576
44.435204, 1.559036

511
35.082660, 1.570463
22.433519, 1.726781
31.482317, 1.571224
27.990485, 1.583924
25.200841, 1.615576
44.435204, 1.559036

512
35.082660, 1.570463
22.433519, 1.726781
31.482317, 1.571224
27.990485, 1.583924
25.200841, 1.615576
44.435204, 1.559036

513
35.082660, 1.570463
22.433519, 1.726781
31.482317, 1.571224
27.990485, 1.583924
25.200841, 1.615576
44.435204, 1.559036

514
36.380783, 1.507645
35.082660, 1.570463
22.433519, 1.726781
31.482317, 1.571224
27.990485, 1.583924
25.200841, 1.615576

515
26.909126, 1.547311
36.380783, 1.507645
22.433519, 1.726781
25.200841, 1.615576

516
26.909126, 1.547311
36.380783, 1.507645
22.433519, 1.726781
25.200841, 1.615576

517
26.909126, 1.547311
36.380783, 1.507645
22.433519, 1.726781
25.200841, 1.615576

518
26.909126, 1.547311
36.380783, 1.507645
22.433519, 1.726781
25.200841, 1.615576

519
26.909126, 1.547311
36.380783, 1.507645
22.433519, 1.726781
25.200841, 1.615576

520
26.909126, 1.547311
36.380783, 1.507645
22.433519, 1.726781
25.200841, 1.615576

521
26.909126, 1.547311
36.380783, 1.507645
22.433519, 1.726781
25.200841, 1.615576

522
26.909126, 1.547311
36.380783, 1.507645
22.433519, 1.726781
25.200841, 1.615576

523
26.909126, 1.547311
36.380783, 1.507645
22.433519, 1.726781
25.200841, 1.615576

524
26.909126, 1.547311
36.380783, 1.507645
22.433519, 1.726781
25.200841, 1.615576

525
26.909126, 1.547311
36.380783, 1.507645
22.433519, 1.726781
25.200841, 1.615576

526
26.073665, 1.564775
26.909126, 1.547311
36.380783, 1.507645
22.433519, 1.726781
25.200841, 1.615576

527
26.073665, 1.564775
26.909126, 1.547311
36.380783, 1.507645
22.433519, 1.726781
25.200841, 1.615576

528
22.082318, 1.614519
35.339738, 1.546731
26.073665, 1.564775
26.909126, 1.547311
36.380783, 1.507645

529
25.918940, 1.599970
22.082318, 1.614519
35.339738, 1.546731
26.073665, 1.564775
26.909126, 1.547311
36.380783, 1.507645

530
30.955499, 1.501652
17.867745, 1.598992
26.073665, 1.564775
26.909126, 1.547311

531
22.098330, 1.558641
30.955499, 1.501652
17.867745, 1.598992
26.909126, 1.547311

532
19.650255, 1.507319
30.955499, 1.501652
17.867745, 1.598992

533
19.650255, 1.507319
30.955499, 1.501652
17.867745, 1.598992

534
16.519356, 1.536502
19.650255, 1.507319
30.955499, 1.501652

535
16.519356, 1.536502
19.650255, 1.507319
30.955499, 1.501652

536
16.519356, 1.536502
19.650255, 1.507319
30.955499, 1.501652

537
19.157615, 1.514772
16.519356, 1.536502
19.650255, 1.507319
30.955499, 1.501652

538
24.213419, 1.505113
19.157615, 1.514772
16.519356, 1.536502
19.650255, 1.507319
30.955499, 1.501652

539
27.039586, 1.504107
15.460703, 1.509046
24.213419, 1.505113
19.650255, 1.507319
30.955499, 1.501652

540
27.039586, 1.504107
15.460703, 1.509046
24.213419, 1.505113
19.650255, 1.507319
30.955499, 1.501652

541
14.116882, 1.562748
27.039586, 1.504107
15.460703, 1.509046
24.213419, 1.505113
19.650255, 1.507319
30.955499, 1.501652

542
14.116882, 1.562748
27.039586, 1.504107
15.460703, 1.509046
24.213419, 1.505113
19.650255, 1.507319
30.955499, 1.501652

543
14.116882, 1.562748
27.039586, 1.504107
15.460703, 1.509046
24.213419, 1.505113
19.650255, 1.507319
30.955499, 1.501652

544
14.116882, 1.562748
27.039586, 1.504107
15.460703, 1.509046
24.213419, 1.505113
19.650255, 1.507319
30.955499, 1.501652

545
14.116882, 1.562748
27.039586, 1.504107
15.460703, 1.509046
24.213419, 1.505113
19.650255, 1.507319
30.955499, 1.501652

546
14.116882, 1.562748
27.039586, 1.504107
15.460703, 1.509046
24.213419, 1.505113
19.650255, 1.507319
30.955499, 1.501652

547
23.756886, 1.504728
14.116882, 1.562748
27.039586, 1.504107
15.460703, 1.509046
19.650255, 1.507319
30.955499, 1.501652

548
16.593224, 1.503086
19.462959, 1.500018
14.116882, 1.562748
15.460703, 1.509046

549
16.593224, 1.503086
19.462959, 1.500018
14.116882, 1.562748
15.460703, 1.509046

550
16.593224, 1.503086
19.462959, 1.500018
14.116882, 1.562748
15.460703, 1.509046

551
15.201344, 1.521130
16.593224, 1.503086
19.462959, 1.500018
14.116882, 1.562748
15.460703, 1.509046

552
15.201344, 1.521130
16.593224, 1.503086
19.462959, 1.500018
14.116882, 1.562748
15.460703, 1.509046

553
15.201344, 1.521130
16.593224, 1.503086
19.462959, 1.500018
14.116882, 1.562748
15.460703, 1.509046

554
15.201344, 1.521130
16.593224, 1.503086
19.462959, 1.500018
14.116882, 1.562748
15.460703, 1.509046

555
15.201344, 1.521130
16.593224, 1.503086
19.462959, 1.500018
14.116882, 1.562748
15.460703, 1.509046

556
15.201344, 1.521130
16.593224, 1.503086
19.462959, 1.500018
14.116882, 1.562748
15.460703, 1.509046

557
15.201344, 1.521130
16.593224, 1.503086
19.462959, 1.500018
14.116882, 1.562748
15.460703, 1.509046

558
15.201344, 1.521130
16.593224, 1.503086
19.462959, 1.500018
14.116882, 1.562748
15.460703, 1.509046

559
15.201344, 1.521130
16.593224, 1.503086
19.462959, 1.500018
14.116882, 1.562748
15.460703, 1.509046

560
15.201344, 1.521130
16.593224, 1.503086
19.462959, 1.500018
14.116882, 1.562748
15.460703, 1.509046

561
15.201344, 1.521130
16.593224, 1.503086
19.462959, 1.500018
14.116882, 1.562748
15.460703, 1.509046

562
13.548818, 1.563219
15.201344, 1.521130
16.593224, 1.503086
19.462959, 1.500018
14.116882, 1.562748
15.460703, 1.509046

563
14.774072, 1.502585
13.548818, 1.563219
19.462959, 1.500018
14.116882, 1.562748

564
14.774072, 1.502585
13.548818, 1.563219
19.462959, 1.500018
14.116882, 1.562748

565
14.774072, 1.502585
13.548818, 1.563219
19.462959, 1.500018
14.116882, 1.562748

566
6.021471, 1.513514
14.774072, 1.502585
19.462959, 1.500018

567
6.021471, 1.513514
14.774072, 1.502585
19.462959, 1.500018

568
6.021471, 1.513514
14.774072, 1.502585
19.462959, 1.500018

569
6.021471, 1.513514
14.774072, 1.502585
19.462959, 1.500018

570
12.922057, 1.512267
6.021471, 1.513514
14.774072, 1.502585
19.462959, 1.500018

571
12.922057, 1.512267
6.021471, 1.513514
14.774072, 1.502585
19.462959, 1.500018

572
12.922057, 1.512267
6.021471, 1.513514
14.774072, 1.502585
19.462959, 1.500018

573
12.922057, 1.512267
6.021471, 1.513514
14.774072, 1.502585
19.462959, 1.500018

574
12.922057, 1.512267
6.021471, 1.513514
14.774072, 1.502585
19.462959, 1.500018

575
12.922057, 1.512267
6.021471, 1.513514
14.774072, 1.502585
19.462959, 1.500018

576
12.922057, 1.512267
6.021471, 1.513514
14.774072, 1.502585
19.462959, 1.500018

577
12.922057, 1.512267
6.021471, 1.513514
14.774072, 1.502585
19.462959, 1.500018

578
12.922057, 1.512267
6.021471, 1.513514
14.774072, 1.502585
19.462959, 1.500018

579
13.012369, 1.510150
12.922057, 1.512267
6.021471, 1.513514
14.774072, 1.502585
19.462959, 1.500018

580
13.012369, 1.510150
12.922057, 1.512267
6.021471, 1.513514
14.774072, 1.502585
19.462959, 1.500018

581
13.012369, 1.510150
12.922057, 1.512267
6.021471, 1.513514
14.774072, 1.502585
19.462959, 1.500018

582
13.012369, 1.510150
12.922057, 1.512267
6.021471, 1.513514
14.774072, 1.502585
19.462959, 1.500018

583
11.563179, 1.505583
6.021471, 1.513514
14.774072, 1.502585
19.462959, 1.500018

584
13.436240, 1.501332
11.563179, 1.505583
6.021471, 1.513514
19.462959, 1.500018

585
13.436240, 1.501332
11.563179, 1.505583
6.021471, 1.513514
19.462959, 1.500018

586
13.436240, 1.501332
11.563179, 1.505583
6.021471, 1.513514
19.462959, 1.500018

587
13.436240, 1.501332
11.563179, 1.505583
6.021471, 1.513514
19.462959, 1.500018

588
7.930363, 1.502778
13.436240, 1.501332
6.021471, 1.513514
19.462959, 1.500018

589
7.930363, 1.502778
13.436240, 1.501332
6.021471, 1.513514
19.462959, 1.500018

590
7.930363, 1.502778
13.436240, 1.501332
6.021471, 1.513514
19.462959, 1.500018

591
12.779733, 1.502331
7.930363, 1.502778
13.436240, 1.501332
6.021471, 1.513514
19.462959, 1.500018

592
12.779733, 1.502331
7.930363, 1.502778
13.436240, 1.501332
6.021471, 1.513514
19.462959, 1.500018

593
12.779733, 1.502331
7.930363, 1.502778
13.436240, 1.501332
6.021471, 1.513514
19.462959, 1.500018

594
12.779733, 1.502331
7.930363, 1.502778
13.436240, 1.501332
6.021471, 1.513514
19.462959, 1.500018

595
12.779733, 1.502331
7.930363, 1.502778
13.436240, 1.501332
6.021471, 1.513514
19.462959, 1.500018

596
12.779733, 1.502331
7.930363, 1.502778
13.436240, 1.501332
6.021471, 1.513514
19.462959, 1.500018

597
12.779733, 1.502331
7.930363, 1.502778
13.436240, 1.501332
6.021471, 1.513514
19.462959, 1.500018

598
12.779733, 1.502331
7.930363, 1.502778
13.436240, 1.501332
6.021471, 1.513514
19.462959, 1.500018

599
16.803381, 1.500457
12.779733, 1.502331
7.930363, 1.502778
13.436240, 1.501332
6.021471, 1.513514
19.462959, 1.500018

600
16.803381, 1.500457
12.779733, 1.502331
7.930363, 1.502778
13.436240, 1.501332
6.021471, 1.513514
19.462959, 1.500018

601
16.803381, 1.500457
12.779733, 1.502331
7.930363, 1.502778
13.436240, 1.501332
6.021471, 1.513514
19.462959, 1.500018

602
16.803381, 1.500457
12.779733, 1.502331
7.930363, 1.502778
13.436240, 1.501332
6.021471, 1.513514
19.462959, 1.500018

603
11.449354, 1.500824
16.803381, 1.500457
7.930363, 1.502778
6.021471, 1.513514
19.462959, 1.500018

604
11.449354, 1.500824
16.803381, 1.500457
7.930363, 1.502778
6.021471, 1.513514
19.462959, 1.500018

605
11.449354, 1.500824
16.803381, 1.500457
7.930363, 1.502778
6.021471, 1.513514
19.462959, 1.500018

606
11.449354, 1.500824
16.803381, 1.500457
7.930363, 1.502778
6.021471, 1.513514
19.462959, 1.500018

607
11.449354, 1.500824
16.803381, 1.500457
7.930363, 1.502778
6.021471, 1.513514
19.462959, 1.500018

608
11.449354, 1.500824
16.803381, 1.500457
7.930363, 1.502778
6.021471, 1.513514
19.462959, 1.500018

609
11.449354, 1.500824
16.803381, 1.500457
7.930363, 1.502778
6.021471, 1.513514
19.462959, 1.500018

610
11.449354, 1.500824
16.803381, 1.500457
7.930363, 1.502778
6.021471, 1.513514
19.462959, 1.500018

611
11.449354, 1.500824
16.803381, 1.500457
7.930363, 1.502778
6.021471, 1.513514
19.462959, 1.500018

612
11.449354, 1.500824
16.803381, 1.500457
7.930363, 1.502778
6.021471, 1.513514
19.462959, 1.500018

613
11.449354, 1.500824
16.803381, 1.500457
7.930363, 1.502778
6.021471, 1.513514
19.462959, 1.500018

614
11.449354, 1.500824
16.803381, 1.500457
7.930363, 1.502778
6.021471, 1.513514
19.462959, 1.500018

615
11.449354, 1.500824
16.803381, 1.500457
7.930363, 1.502778
6.021471, 1.513514
19.462959, 1.500018

616
11.449354, 1.500824
16.803381, 1.500457
7.930363, 1.502778
6.021471, 1.513514
19.462959, 1.500018

617
11.449354, 1.500824
16.803381, 1.500457
7.930363, 1.502778
6.021471, 1.513514
19.462959, 1.500018

618
11.449354, 1.500824
16.803381, 1.500457
7.930363, 1.502778
6.021471, 1.513514
19.462959, 1.500018

619
11.449354, 1.500824
16.803381, 1.500457
7.930363, 1.502778
6.021471, 1.513514
19.462959, 1.500018

620
11.449354, 1.500824
16.803381, 1.500457
7.930363, 1.502778
6.021471, 1.513514
19.462959, 1.500018

621
11.449354, 1.500824
16.803381, 1.500457
7.930363, 1.502778
6.021471, 1.513514
19.462959, 1.500018

622
11.449354, 1.500824
16.803381, 1.500457
7.930363, 1.502778
6.021471, 1.513514
19.462959, 1.500018

623
11.449354, 1.500824
16.803381, 1.500457
7.930363, 1.502778
6.021471, 1.513514
19.462959, 1.500018

624
11.449354, 1.500824
16.803381, 1.500457
7.930363, 1.502778
6.021471, 1.513514
19.462959, 1.500018

625
11.449354, 1.500824
16.803381, 1.500457
7.930363, 1.502778
6.021471, 1.513514
19.462959, 1.500018

626
11.449354, 1.500824
16.803381, 1.500457
7.930363, 1.502778
6.021471, 1.513514
19.462959, 1.500018

627
11.449354, 1.500824
16.803381, 1.500457
7.930363, 1.502778
6.021471, 1.513514
19.462959, 1.500018

628
11.449354, 1.500824
16.803381, 1.500457
7.930363, 1.502778
6.021471, 1.513514
19.462959, 1.500018

629
11.449354, 1.500824
16.803381, 1.500457
7.930363, 1.502778
6.021471, 1.513514
19.462959, 1.500018

630
14.198069, 1.500709
11.449354, 1.500824
16.803381, 1.500457
7.930363, 1.502778
6.021471, 1.513514
19.462959, 1.500018

631
14.198069, 1.500709
11.449354, 1.500824
16.803381, 1.500457
7.930363, 1.502778
6.021471, 1.513514
19.462959, 1.500018

632
14.198069, 1.500709
11.449354, 1.500824
16.803381, 1.500457
7.930363, 1.502778
6.021471, 1.513514
19.462959, 1.500018

633
14.198069, 1.500709
11.449354, 1.500824
16.803381, 1.500457
7.930363, 1.502778
6.021471, 1.513514
19.462959, 1.500018

634
14.198069, 1.500709
11.449354, 1.500824
16.803381, 1.500457
7.930363, 1.502778
6.021471, 1.513514
19.462959, 1.500018

635
14.198069, 1.500709
11.449354, 1.500824
16.803381, 1.500457
7.930363, 1.502778
6.021471, 1.513514
19.462959, 1.500018

636
14.198069, 1.500709
11.449354, 1.500824
16.803381, 1.500457
7.930363, 1.502778
6.021471, 1.513514
19.462959, 1.500018

637
14.198069, 1.500709
11.449354, 1.500824
16.803381, 1.500457
7.930363, 1.502778
6.021471, 1.513514
19.462959, 1.500018

638
5.230089, 1.522794
14.198069, 1.500709
11.449354, 1.500824
16.803381, 1.500457
7.930363, 1.502778
6.021471, 1.513514
19.462959, 1.500018

639
5.230089, 1.522794
14.198069, 1.500709
11.449354, 1.500824
16.803381, 1.500457
7.930363, 1.502778
6.021471, 1.513514
19.462959, 1.500018

640
5.230089, 1.522794
14.198069, 1.500709
11.449354, 1.500824
16.803381, 1.500457
7.930363, 1.502778
6.021471, 1.513514
19.462959, 1.500018

641
5.230089, 1.522794
14.198069, 1.500709
11.449354, 1.500824
16.803381, 1.500457
7.930363, 1.502778
6.021471, 1.513514
19.462959, 1.500018

642
5.230089, 1.522794
14.198069, 1.500709
11.449354, 1.500824
16.803381, 1.500457
7.930363, 1.502778
6.021471, 1.513514
19.462959, 1.500018

643
5.230089, 1.522794
14.198069, 1.500709
11.449354, 1.500824
16.803381, 1.500457
7.930363, 1.502778
6.021471, 1.513514
19.462959, 1.500018

644
11.020795, 1.501317
5.230089, 1.522794
14.198069, 1.500709
11.449354, 1.500824
16.803381, 1.500457
7.930363, 1.502778
6.021471, 1.513514
19.462959, 1.500018

645
11.020795, 1.501317
5.230089, 1.522794
14.198069, 1.500709
11.449354, 1.500824
16.803381, 1.500457
7.930363, 1.502778
6.021471, 1.513514
19.462959, 1.500018

646
11.020795, 1.501317
5.230089, 1.522794
14.198069, 1.500709
11.449354, 1.500824
16.803381, 1.500457
7.930363, 1.502778
6.021471, 1.513514
19.462959, 1.500018

647
11.020795, 1.501317
5.230089, 1.522794
14.198069, 1.500709
11.449354, 1.500824
16.803381, 1.500457
7.930363, 1.502778
6.021471, 1.513514
19.462959, 1.500018

648
11.020795, 1.501317
5.230089, 1.522794
14.198069, 1.500709
11.449354, 1.500824
16.803381, 1.500457
7.930363, 1.502778
6.021471, 1.513514
19.462959, 1.500018

649
11.020795, 1.501317
5.230089, 1.522794
14.198069, 1.500709
11.449354, 1.500824
16.803381, 1.500457
7.930363, 1.502778
6.021471, 1.513514
19.462959, 1.500018

650
11.020795, 1.501317
5.230089, 1.522794
14.198069, 1.500709
11.449354, 1.500824
16.803381, 1.500457
7.930363, 1.502778
6.021471, 1.513514
19.462959, 1.500018

651
11.020795, 1.501317
5.230089, 1.522794
14.198069, 1.500709
11.449354, 1.500824
16.803381, 1.500457
7.930363, 1.502778
6.021471, 1.513514
19.462959, 1.500018

652
11.020795, 1.501317
5.230089, 1.522794
14.198069, 1.500709
11.449354, 1.500824
16.803381, 1.500457
7.930363, 1.502778
6.021471, 1.513514
19.462959, 1.500018

653
11.020795, 1.501317
5.230089, 1.522794
14.198069, 1.500709
11.449354, 1.500824
16.803381, 1.500457
7.930363, 1.502778
6.021471, 1.513514
19.462959, 1.500018

654
11.020795, 1.501317
5.230089, 1.522794
14.198069, 1.500709
11.449354, 1.500824
16.803381, 1.500457
7.930363, 1.502778
6.021471, 1.513514
19.462959, 1.500018

655
11.020795, 1.501317
5.230089, 1.522794
14.198069, 1.500709
11.449354, 1.500824
16.803381, 1.500457
7.930363, 1.502778
6.021471, 1.513514
19.462959, 1.500018

656
11.020795, 1.501317
5.230089, 1.522794
14.198069, 1.500709
11.449354, 1.500824
16.803381, 1.500457
7.930363, 1.502778
6.021471, 1.513514
19.462959, 1.500018

657
17.179744, 1.500104
11.020795, 1.501317
5.230089, 1.522794
14.198069, 1.500709
11.449354, 1.500824
16.803381, 1.500457
7.930363, 1.502778
6.021471, 1.513514
19.462959, 1.500018

658
17.179744, 1.500104
11.020795, 1.501317
5.230089, 1.522794
14.198069, 1.500709
11.449354, 1.500824
16.803381, 1.500457
7.930363, 1.502778
6.021471, 1.513514
19.462959, 1.500018

659
8.691235, 1.502676
17.179744, 1.500104
11.020795, 1.501317
5.230089, 1.522794
14.198069, 1.500709
11.449354, 1.500824
16.803381, 1.500457
7.930363, 1.502778
6.021471, 1.513514
19.462959, 1.500018

660
8.691235, 1.502676
17.179744, 1.500104
11.020795, 1.501317
5.230089, 1.522794
14.198069, 1.500709
11.449354, 1.500824
16.803381, 1.500457
7.930363, 1.502778
6.021471, 1.513514
19.462959, 1.500018

661
8.691235, 1.502676
17.179744, 1.500104
11.020795, 1.501317
5.230089, 1.522794
14.198069, 1.500709
11.449354, 1.500824
16.803381, 1.500457
7.930363, 1.502778
6.021471, 1.513514
19.462959, 1.500018

662
9.035754, 1.502022
8.691235, 1.502676
17.179744, 1.500104
11.020795, 1.501317
5.230089, 1.522794
14.198069, 1.500709
11.449354, 1.500824
16.803381, 1.500457
7.930363, 1.502778
6.021471, 1.513514
19.462959, 1.500018

663
9.035754, 1.502022
8.691235, 1.502676
17.179744, 1.500104
11.020795, 1.501317
5.230089, 1.522794
14.198069, 1.500709
11.449354, 1.500824
16.803381, 1.500457
7.930363, 1.502778
6.021471, 1.513514
19.462959, 1.500018

664
9.035754, 1.502022
8.691235, 1.502676
17.179744, 1.500104
11.020795, 1.501317
5.230089, 1.522794
14.198069, 1.500709
11.449354, 1.500824
16.803381, 1.500457
7.930363, 1.502778
6.021471, 1.513514
19.462959, 1.500018

665
9.035754, 1.502022
8.691235, 1.502676
17.179744, 1.500104
11.020795, 1.501317
5.230089, 1.522794
14.198069, 1.500709
11.449354, 1.500824
16.803381, 1.500457
7.930363, 1.502778
6.021471, 1.513514
19.462959, 1.500018

666
13.942078, 1.500664
9.035754, 1.502022
8.691235, 1.502676
17.179744, 1.500104
11.020795, 1.501317
5.230089, 1.522794
11.449354, 1.500824
16.803381, 1.500457
7.930363, 1.502778
6.021471, 1.513514
19.462959, 1.500018

667
13.942078, 1.500664
9.035754, 1.502022
8.691235, 1.502676
17.179744, 1.500104
11.020795, 1.501317
5.230089, 1.522794
11.449354, 1.500824
16.803381, 1.500457
7.930363, 1.502778
6.021471, 1.513514
19.462959, 1.500018

668
13.942078, 1.500664
9.035754, 1.502022
8.691235, 1.502676
17.179744, 1.500104
11.020795, 1.501317
5.230089, 1.522794
11.449354, 1.500824
16.803381, 1.500457
7.930363, 1.502778
6.021471, 1.513514
19.462959, 1.500018

669
13.942078, 1.500664
9.035754, 1.502022
8.691235, 1.502676
17.179744, 1.500104
11.020795, 1.501317
5.230089, 1.522794
11.449354, 1.500824
16.803381, 1.500457
7.930363, 1.502778
6.021471, 1.513514
19.462959, 1.500018

670
13.942078, 1.500664
9.035754, 1.502022
8.691235, 1.502676
17.179744, 1.500104
11.020795, 1.501317
5.230089, 1.522794
11.449354, 1.500824
16.803381, 1.500457
7.930363, 1.502778
6.021471, 1.513514
19.462959, 1.500018

671
13.942078, 1.500664
9.035754, 1.502022
8.691235, 1.502676
17.179744, 1.500104
11.020795, 1.501317
5.230089, 1.522794
11.449354, 1.500824
16.803381, 1.500457
7.930363, 1.502778
6.021471, 1.513514
19.462959, 1.500018

672
13.942078, 1.500664
9.035754, 1.502022
8.691235, 1.502676
17.179744, 1.500104
11.020795, 1.501317
5.230089, 1.522794
11.449354, 1.500824
16.803381, 1.500457
7.930363, 1.502778
6.021471, 1.513514
19.462959, 1.500018

673
13.942078, 1.500664
9.035754, 1.502022
8.691235, 1.502676
17.179744, 1.500104
11.020795, 1.501317
5.230089, 1.522794
11.449354, 1.500824
16.803381, 1.500457
7.930363, 1.502778
6.021471, 1.513514
19.462959, 1.500018

674
13.942078, 1.500664
9.035754, 1.502022
8.691235, 1.502676
17.179744, 1.500104
11.020795, 1.501317
5.230089, 1.522794
11.449354, 1.500824
16.803381, 1.500457
7.930363, 1.502778
6.021471, 1.513514
19.462959, 1.500018

675
13.942078, 1.500664
9.035754, 1.502022
8.691235, 1.502676
17.179744, 1.500104
11.020795, 1.501317
5.230089, 1.522794
11.449354, 1.500824
16.803381, 1.500457
7.930363, 1.502778
6.021471, 1.513514
19.462959, 1.500018

676
14.817599, 1.500122
13.942078, 1.500664
9.035754, 1.502022
8.691235, 1.502676
17.179744, 1.500104
11.020795, 1.501317
5.230089, 1.522794
11.449354, 1.500824
7.930363, 1.502778
6.021471, 1.513514
19.462959, 1.500018

677
14.817599, 1.500122
13.942078, 1.500664
9.035754, 1.502022
8.691235, 1.502676
17.179744, 1.500104
11.020795, 1.501317
5.230089, 1.522794
11.449354, 1.500824
7.930363, 1.502778
6.021471, 1.513514
19.462959, 1.500018

678
12.274021, 1.500669
14.817599, 1.500122
13.942078, 1.500664
9.035754, 1.502022
8.691235, 1.502676
17.179744, 1.500104
11.020795, 1.501317
5.230089, 1.522794
11.449354, 1.500824
7.930363, 1.502778
6.021471, 1.513514
19.462959, 1.500018

679
12.274021, 1.500669
14.817599, 1.500122
13.942078, 1.500664
9.035754, 1.502022
8.691235, 1.502676
17.179744, 1.500104
11.020795, 1.501317
5.230089, 1.522794
11.449354, 1.500824
7.930363, 1.502778
6.021471, 1.513514
19.462959, 1.500018

680
12.274021, 1.500669
14.817599, 1.500122
13.942078, 1.500664
9.035754, 1.502022
8.691235, 1.502676
17.179744, 1.500104
11.020795, 1.501317
5.230089, 1.522794
11.449354, 1.500824
7.930363, 1.502778
6.021471, 1.513514
19.462959, 1.500018

681
12.274021, 1.500669
14.817599, 1.500122
13.942078, 1.500664
9.035754, 1.502022
8.691235, 1.502676
17.179744, 1.500104
11.020795, 1.501317
5.230089, 1.522794
11.449354, 1.500824
7.930363, 1.502778
6.021471, 1.513514
19.462959, 1.500018

682
12.274021, 1.500669
14.817599, 1.500122
13.942078, 1.500664
9.035754, 1.502022
8.691235, 1.502676
17.179744, 1.500104
11.020795, 1.501317
5.230089, 1.522794
11.449354, 1.500824
7.930363, 1.502778
6.021471, 1.513514
19.462959, 1.500018

683
7.728658, 1.501255
12.274021, 1.500669
14.817599, 1.500122
13.942078, 1.500664
17.179744, 1.500104
5.230089, 1.522794
11.449354, 1.500824
6.021471, 1.513514
19.462959, 1.500018

684
7.728658, 1.501255
12.274021, 1.500669
14.817599, 1.500122
13.942078, 1.500664
17.179744, 1.500104
5.230089, 1.522794
11.449354, 1.500824
6.021471, 1.513514
19.462959, 1.500018

685
6.733032, 1.507644
7.728658, 1.501255
12.274021, 1.500669
14.817599, 1.500122
13.942078, 1.500664
17.179744, 1.500104
5.230089, 1.522794
11.449354, 1.500824
6.021471, 1.513514
19.462959, 1.500018

686
10.364999, 1.500480
6.733032, 1.507644
7.728658, 1.501255
14.817599, 1.500122
17.179744, 1.500104
5.230089, 1.522794
6.021471, 1.513514
19.462959, 1.500018

687
10.364999, 1.500480
6.733032, 1.507644
7.728658, 1.501255
14.817599, 1.500122
17.179744, 1.500104
5.230089, 1.522794
6.021471, 1.513514
19.462959, 1.500018

688
10.364999, 1.500480
6.733032, 1.507644
7.728658, 1.501255
14.817599, 1.500122
17.179744, 1.500104
5.230089, 1.522794
6.021471, 1.513514
19.462959, 1.500018

689
7.097610, 1.504475
10.364999, 1.500480
6.733032, 1.507644
7.728658, 1.501255
14.817599, 1.500122
17.179744, 1.500104
5.230089, 1.522794
6.021471, 1.513514
19.462959, 1.500018

690
7.097610, 1.504475
10.364999, 1.500480
6.733032, 1.507644
7.728658, 1.501255
14.817599, 1.500122
17.179744, 1.500104
5.230089, 1.522794
6.021471, 1.513514
19.462959, 1.500018

691
7.097610, 1.504475
10.364999, 1.500480
6.733032, 1.507644
7.728658, 1.501255
14.817599, 1.500122
17.179744, 1.500104
5.230089, 1.522794
6.021471, 1.513514
19.462959, 1.500018

692
7.097610, 1.504475
10.364999, 1.500480
6.733032, 1.507644
7.728658, 1.501255
14.817599, 1.500122
17.179744, 1.500104
5.230089, 1.522794
6.021471, 1.513514
19.462959, 1.500018

693
7.097610, 1.504475
10.364999, 1.500480
6.733032, 1.507644
7.728658, 1.501255
14.817599, 1.500122
17.179744, 1.500104
5.230089, 1.522794
6.021471, 1.513514
19.462959, 1.500018

694
10.310610, 1.500305
5.201977, 1.511757
7.097610, 1.504475
6.733032, 1.507644
7.728658, 1.501255
14.817599, 1.500122
17.179744, 1.500104
19.462959, 1.500018

695
15.187193, 1.500120
10.310610, 1.500305
5.201977, 1.511757
7.097610, 1.504475
6.733032, 1.507644
7.728658, 1.501255
14.817599, 1.500122
17.179744, 1.500104
19.462959, 1.500018

696
15.187193, 1.500120
10.310610, 1.500305
5.201977, 1.511757
7.097610, 1.504475
6.733032, 1.507644
7.728658, 1.501255
14.817599, 1.500122
17.179744, 1.500104
19.462959, 1.500018

697
15.187193, 1.500120
10.310610, 1.500305
5.201977, 1.511757
7.097610, 1.504475
6.733032, 1.507644
7.728658, 1.501255
14.817599, 1.500122
17.179744, 1.500104
19.462959, 1.500018

698
15.187193, 1.500120
10.310610, 1.500305
5.201977, 1.511757
7.097610, 1.504475
6.733032, 1.507644
7.728658, 1.501255
14.817599, 1.500122
17.179744, 1.500104
19.462959, 1.500018

699
5.862520, 1.500381
15.187193, 1.500120
10.310610, 1.500305
5.201977, 1.511757
14.817599, 1.500122
17.179744, 1.500104
19.462959, 1.500018

700
5.862520, 1.500381
15.187193, 1.500120
10.310610, 1.500305
5.201977, 1.511757
14.817599, 1.500122
17.179744, 1.500104
19.462959, 1.500018

701
5.862520, 1.500381
15.187193, 1.500120
10.310610, 1.500305
5.201977, 1.511757
14.817599, 1.500122
17.179744, 1.500104
19.462959, 1.500018

702
4.118292, 1.503765
5.862520, 1.500381
15.187193, 1.500120
10.310610, 1.500305
14.817599, 1.500122
17.179744, 1.500104
19.462959, 1.500018

703
4.118292, 1.503765
5.862520, 1.500381
15.187193, 1.500120
10.310610, 1.500305
14.817599, 1.500122
17.179744, 1.500104
19.462959, 1.500018

704
8.663740, 1.500377
4.118292, 1.503765
5.862520, 1.500381
15.187193, 1.500120
10.310610, 1.500305
14.817599, 1.500122
17.179744, 1.500104
19.462959, 1.500018

705
8.663740, 1.500377
4.118292, 1.503765
5.862520, 1.500381
15.187193, 1.500120
10.310610, 1.500305
14.817599, 1.500122
17.179744, 1.500104
19.462959, 1.500018

706
8.663740, 1.500377
4.118292, 1.503765
5.862520, 1.500381
15.187193, 1.500120
10.310610, 1.500305
14.817599, 1.500122
17.179744, 1.500104
19.462959, 1.500018

707
8.663740, 1.500377
4.118292, 1.503765
5.862520, 1.500381
15.187193, 1.500120
10.310610, 1.500305
14.817599, 1.500122
17.179744, 1.500104
19.462959, 1.500018

708
8.663740, 1.500377
4.118292, 1.503765
5.862520, 1.500381
15.187193, 1.500120
10.310610, 1.500305
14.817599, 1.500122
17.179744, 1.500104
19.462959, 1.500018

709
8.663740, 1.500377
4.118292, 1.503765
5.862520, 1.500381
15.187193, 1.500120
10.310610, 1.500305
14.817599, 1.500122
17.179744, 1.500104
19.462959, 1.500018

710
8.663740, 1.500377
4.118292, 1.503765
5.862520, 1.500381
15.187193, 1.500120
10.310610, 1.500305
14.817599, 1.500122
17.179744, 1.500104
19.462959, 1.500018

711
8.663740, 1.500377
4.118292, 1.503765
5.862520, 1.500381
15.187193, 1.500120
10.310610, 1.500305
14.817599, 1.500122
17.179744, 1.500104
19.462959, 1.500018

712
8.663740, 1.500377
4.118292, 1.503765
5.862520, 1.500381
15.187193, 1.500120
10.310610, 1.500305
14.817599, 1.500122
17.179744, 1.500104
19.462959, 1.500018

713
8.663740, 1.500377
4.118292, 1.503765
5.862520, 1.500381
15.187193, 1.500120
10.310610, 1.500305
14.817599, 1.500122
17.179744, 1.500104
19.462959, 1.500018

714
8.663740, 1.500377
4.118292, 1.503765
5.862520, 1.500381
15.187193, 1.500120
10.310610, 1.500305
14.817599, 1.500122
17.179744, 1.500104
19.462959, 1.500018

715
8.663740, 1.500377
4.118292, 1.503765
5.862520, 1.500381
15.187193, 1.500120
10.310610, 1.500305
14.817599, 1.500122
17.179744, 1.500104
19.462959, 1.500018

716
8.663740, 1.500377
4.118292, 1.503765
5.862520, 1.500381
15.187193, 1.500120
10.310610, 1.500305
14.817599, 1.500122
17.179744, 1.500104
19.462959, 1.500018

717
8.663740, 1.500377
4.118292, 1.503765
5.862520, 1.500381
15.187193, 1.500120
10.310610, 1.500305
14.817599, 1.500122
17.179744, 1.500104
19.462959, 1.500018

718
11.196862, 1.500102
21.355421, 1.500007
8.663740, 1.500377
4.118292, 1.503765
5.862520, 1.500381
10.310610, 1.500305
19.462959, 1.500018

719
11.196862, 1.500102
21.355421, 1.500007
8.663740, 1.500377
4.118292, 1.503765
5.862520, 1.500381
10.310610, 1.500305
19.462959, 1.500018

720
14.607369, 1.500098
11.196862, 1.500102
21.355421, 1.500007
8.663740, 1.500377
4.118292, 1.503765
5.862520, 1.500381
10.310610, 1.500305
19.462959, 1.500018

721
14.607369, 1.500098
11.196862, 1.500102
21.355421, 1.500007
8.663740, 1.500377
4.118292, 1.503765
5.862520, 1.500381
10.310610, 1.500305
19.462959, 1.500018

722
14.607369, 1.500098
11.196862, 1.500102
21.355421, 1.500007
8.663740, 1.500377
4.118292, 1.503765
5.862520, 1.500381
10.310610, 1.500305
19.462959, 1.500018

723
14.607369, 1.500098
11.196862, 1.500102
21.355421, 1.500007
8.663740, 1.500377
4.118292, 1.503765
5.862520, 1.500381
10.310610, 1.500305
19.462959, 1.500018

724
14.607369, 1.500098
11.196862, 1.500102
21.355421, 1.500007
8.663740, 1.500377
4.118292, 1.503765
5.862520, 1.500381
10.310610, 1.500305
19.462959, 1.500018

725
14.607369, 1.500098
11.196862, 1.500102
21.355421, 1.500007
8.663740, 1.500377
4.118292, 1.503765
5.862520, 1.500381
10.310610, 1.500305
19.462959, 1.500018

726
14.607369, 1.500098
11.196862, 1.500102
21.355421, 1.500007
8.663740, 1.500377
4.118292, 1.503765
5.862520, 1.500381
10.310610, 1.500305
19.462959, 1.500018

727
14.607369, 1.500098
11.196862, 1.500102
21.355421, 1.500007
8.663740, 1.500377
4.118292, 1.503765
5.862520, 1.500381
10.310610, 1.500305
19.462959, 1.500018

728
14.607369, 1.500098
11.196862, 1.500102
21.355421, 1.500007
8.663740, 1.500377
4.118292, 1.503765
5.862520, 1.500381
10.310610, 1.500305
19.462959, 1.500018

729
14.607369, 1.500098
11.196862, 1.500102
21.355421, 1.500007
8.663740, 1.500377
4.118292, 1.503765
5.862520, 1.500381
10.310610, 1.500305
19.462959, 1.500018

730
14.607369, 1.500098
11.196862, 1.500102
21.355421, 1.500007
8.663740, 1.500377
4.118292, 1.503765
5.862520, 1.500381
10.310610, 1.500305
19.462959, 1.500018

731
14.607369, 1.500098
11.196862, 1.500102
21.355421, 1.500007
8.663740, 1.500377
4.118292, 1.503765
5.862520, 1.500381
10.310610, 1.500305
19.462959, 1.500018

732
14.607369, 1.500098
11.196862, 1.500102
21.355421, 1.500007
8.663740, 1.500377
4.118292, 1.503765
5.862520, 1.500381
10.310610, 1.500305
19.462959, 1.500018

733
17.613685, 1.500023
14.607369, 1.500098
11.196862, 1.500102
21.355421, 1.500007
8.663740, 1.500377
4.118292, 1.503765
5.862520, 1.500381
10.310610, 1.500305
19.462959, 1.500018

734
17.613685, 1.500023
14.607369, 1.500098
11.196862, 1.500102
21.355421, 1.500007
8.663740, 1.500377
4.118292, 1.503765
5.862520, 1.500381
10.310610, 1.500305
19.462959, 1.500018

735
17.613685, 1.500023
14.607369, 1.500098
11.196862, 1.500102
21.355421, 1.500007
8.663740, 1.500377
4.118292, 1.503765
5.862520, 1.500381
10.310610, 1.500305
19.462959, 1.500018

736
17.613685, 1.500023
14.607369, 1.500098
11.196862, 1.500102
21.355421, 1.500007
8.663740, 1.500377
4.118292, 1.503765
5.862520, 1.500381
10.310610, 1.500305
19.462959, 1.500018

737
17.613685, 1.500023
14.607369, 1.500098
11.196862, 1.500102
21.355421, 1.500007
8.663740, 1.500377
4.118292, 1.503765
5.862520, 1.500381
10.310610, 1.500305
19.462959, 1.500018

738
17.613685, 1.500023
14.607369, 1.500098
11.196862, 1.500102
21.355421, 1.500007
8.663740, 1.500377
4.118292, 1.503765
5.862520, 1.500381
10.310610, 1.500305
19.462959, 1.500018

739
17.613685, 1.500023
14.607369, 1.500098
11.196862, 1.500102
21.355421, 1.500007
8.663740, 1.500377
4.118292, 1.503765
5.862520, 1.500381
10.310610, 1.500305
19.462959, 1.500018

740
17.613685, 1.500023
14.607369, 1.500098
11.196862, 1.500102
21.355421, 1.500007
8.663740, 1.500377
4.118292, 1.503765
5.862520, 1.500381
10.310610, 1.500305
19.462959, 1.500018

741
17.613685, 1.500023
14.607369, 1.500098
11.196862, 1.500102
21.355421, 1.500007
8.663740, 1.500377
4.118292, 1.503765
5.862520, 1.500381
10.310610, 1.500305
19.462959, 1.500018

742
17.613685, 1.500023
14.607369, 1.500098
11.196862, 1.500102
21.355421, 1.500007
8.663740, 1.500377
4.118292, 1.503765
5.862520, 1.500381
10.310610, 1.500305
19.462959, 1.500018

743
17.613685, 1.500023
14.607369, 1.500098
11.196862, 1.500102
21.355421, 1.500007
8.663740, 1.500377
4.118292, 1.503765
5.862520, 1.500381
10.310610, 1.500305
19.462959, 1.500018

744
17.613685, 1.500023
14.607369, 1.500098
11.196862, 1.500102
21.355421, 1.500007
8.663740, 1.500377
4.118292, 1.503765
5.862520, 1.500381
10.310610, 1.500305
19.462959, 1.500018

745
16.571786, 1.500004
14.607369, 1.500098
11.196862, 1.500102
8.663740, 1.500377
4.118292, 1.503765
5.862520, 1.500381
10.310610, 1.500305

746
16.571786, 1.500004
14.607369, 1.500098
11.196862, 1.500102
8.663740, 1.500377
4.118292, 1.503765
5.862520, 1.500381
10.310610, 1.500305

747
11.857475, 1.500011
16.571786, 1.500004
11.196862, 1.500102
8.663740, 1.500377
4.118292, 1.503765
5.862520, 1.500381
10.310610, 1.500305

748
11.857475, 1.500011
16.571786, 1.500004
11.196862, 1.500102
8.663740, 1.500377
4.118292, 1.503765
5.862520, 1.500381
10.310610, 1.500305

749
10.588254, 1.500254
11.857475, 1.500011
16.571786, 1.500004
11.196862, 1.500102
8.663740, 1.500377
4.118292, 1.503765
5.862520, 1.500381
10.310610, 1.500305

750
10.588254, 1.500254
11.857475, 1.500011
16.571786, 1.500004
11.196862, 1.500102
8.663740, 1.500377
4.118292, 1.503765
5.862520, 1.500381
10.310610, 1.500305

751
10.588254, 1.500254
11.857475, 1.500011
16.571786, 1.500004
11.196862, 1.500102
8.663740, 1.500377
4.118292, 1.503765
5.862520, 1.500381
10.310610, 1.500305

752
7.667505, 1.500046
11.857475, 1.500011
16.571786, 1.500004
4.118292, 1.503765
5.862520, 1.500381

753
7.667505, 1.500046
11.857475, 1.500011
16.571786, 1.500004
4.118292, 1.503765
5.862520, 1.500381

754
7.667505, 1.500046
11.857475, 1.500011
16.571786, 1.500004
4.118292, 1.503765
5.862520, 1.500381

755
4.029655, 1.507049
4.877792, 1.502904
5.454232, 1.501636
7.667505, 1.500046
11.857475, 1.500011
16.571786, 1.500004
4.118292, 1.503765
5.862520, 1.500381

756
9.221704, 1.500015
4.029655, 1.507049
4.877792, 1.502904
5.454232, 1.501636
7.667505, 1.500046
11.857475, 1.500011
16.571786, 1.500004
4.118292, 1.503765
5.862520, 1.500381

757
9.221704, 1.500015
4.029655, 1.507049
4.877792, 1.502904
5.454232, 1.501636
7.667505, 1.500046
11.857475, 1.500011
16.571786, 1.500004
4.118292, 1.503765
5.862520, 1.500381

758
4.496555, 1.502009
9.221704, 1.500015
4.029655, 1.507049
5.454232, 1.501636
7.667505, 1.500046
11.857475, 1.500011
16.571786, 1.500004
4.118292, 1.503765
5.862520, 1.500381

759
4.244581, 1.501292
9.221704, 1.500015
4.029655, 1.507049
7.667505, 1.500046
11.857475, 1.500011
16.571786, 1.500004
4.118292, 1.503765
5.862520, 1.500381

760
5.259586, 1.500916
8.127004, 1.500035
4.244581, 1.501292
9.221704, 1.500015
4.029655, 1.507049
7.667505, 1.500046
11.857475, 1.500011
16.571786, 1.500004
4.118292, 1.503765
5.862520, 1.500381

761
4.525474, 1.500328
8.127004, 1.500035
4.244581, 1.501292
9.221704, 1.500015
4.029655, 1.507049
7.667505, 1.500046
11.857475, 1.500011
16.571786, 1.500004
4.118292, 1.503765

762
3.722559, 1.506932
4.525474, 1.500328
8.127004, 1.500035
4.244581, 1.501292
9.221704, 1.500015
7.667505, 1.500046
11.857475, 1.500011
16.571786, 1.500004
4.118292, 1.503765

763
3.322357, 1.502256
4.525474, 1.500328
8.127004, 1.500035
4.244581, 1.501292
9.221704, 1.500015
7.667505, 1.500046
11.857475, 1.500011
16.571786, 1.500004

764
7.151479, 1.500029
3.322357, 1.502256
4.525474, 1.500328
4.244581, 1.501292
9.221704, 1.500015
11.857475, 1.500011
16.571786, 1.500004

765
4.229940, 1.500512
7.151479, 1.500029
3.322357, 1.502256
4.525474, 1.500328
9.221704, 1.500015
11.857475, 1.500011
16.571786, 1.500004

766
3.898004, 1.500006
3.322357, 1.502256
16.571786, 1.500004

767
3.898004, 1.500006
3.322357, 1.502256
16.571786, 1.500004

768
3.898004, 1.500006
3.322357, 1.502256
16.571786, 1.500004

769
3.008350, 1.511360
3.873029, 1.501386
3.898004, 1.500006
3.322357, 1.502256
16.571786, 1.500004

770
2.663972, 1.503255
3.873029, 1.501386
3.898004, 1.500006
3.322357, 1.502256
16.571786, 1.500004

771
2.663972, 1.503255
3.873029, 1.501386
3.898004, 1.500006
3.322357, 1.502256
16.571786, 1.500004

772
3.717277, 1.500467
2.663972, 1.503255
3.898004, 1.500006
3.322357, 1.502256
16.571786, 1.500004

773
3.189302, 1.500461
1.853920, 1.501155
3.898004, 1.500006
16.571786, 1.500004

774
3.136062, 1.500272
1.853920, 1.501155
3.898004, 1.500006
16.571786, 1.500004

775
3.136062, 1.500272
1.853920, 1.501155
3.898004, 1.500006
16.571786, 1.500004

776
2.638643, 1.500970
3.136062, 1.500272
1.853920, 1.501155
3.898004, 1.500006
16.571786, 1.500004

777
2.590759, 1.500651
2.517229, 1.500913
3.136062, 1.500272
1.853920, 1.501155
3.898004, 1.500006
16.571786, 1.500004

778
2.590759, 1.500651
2.517229, 1.500913
3.136062, 1.500272
1.853920, 1.501155
3.898004, 1.500006
16.571786, 1.500004

779
4.927355, 1.500006
3.786972, 1.500235
2.590759, 1.500651
2.517229, 1.500913
3.136062, 1.500272
1.853920, 1.501155
3.898004, 1.500006
16.571786, 1.500004

780
2.292041, 1.501116
4.927355, 1.500006
3.786972, 1.500235
2.590759, 1.500651
2.517229, 1.500913
3.136062, 1.500272
1.853920, 1.501155
3.898004, 1.500006
16.571786, 1.500004

781
2.471381, 1.500420
2.770834, 1.500279
2.292041, 1.501116
4.927355, 1.500006
3.786972, 1.500235
3.136062, 1.500272
1.853920, 1.501155
3.898004, 1.500006
16.571786, 1.500004

782
3.308387, 1.500194
2.471381, 1.500420
2.770834, 1.500279
2.292041, 1.501116
4.927355, 1.500006
3.136062, 1.500272
1.853920, 1.501155
3.898004, 1.500006
16.571786, 1.500004

783
3.622823, 1.500157
3.308387, 1.500194
2.471381, 1.500420
2.770834, 1.500279
2.292041, 1.501116
4.927355, 1.500006
3.136062, 1.500272
1.853920, 1.501155
3.898004, 1.500006
16.571786, 1.500004

784
3.691762, 1.500121
2.423745, 1.500660
3.067917, 1.500174
3.779084, 1.500027
3.622823, 1.500157
2.471381, 1.500420
2.770834, 1.500279
2.292041, 1.501116
4.927355, 1.500006
1.853920, 1.501155
3.898004, 1.500006
16.571786, 1.500004

785
3.026918, 1.500066
2.423745, 1.500660
3.779084, 1.500027
2.471381, 1.500420
2.770834, 1.500279
2.292041, 1.501116
4.927355, 1.500006
1.853920, 1.501155
3.898004, 1.500006
16.571786, 1.500004

786
3.651152, 1.500058
3.026918, 1.500066
2.423745, 1.500660
3.779084, 1.500027
2.471381, 1.500420
2.770834, 1.500279
2.292041, 1.501116
4.927355, 1.500006
1.853920, 1.501155
3.898004, 1.500006
16.571786, 1.500004

787
1.825587, 1.501491
3.651152, 1.500058
3.026918, 1.500066
2.423745, 1.500660
3.779084, 1.500027
2.471381, 1.500420
2.770834, 1.500279
2.292041, 1.501116
4.927355, 1.500006
1.853920, 1.501155
3.898004, 1.500006
16.571786, 1.500004

788
2.282456, 1.500735
2.238120, 1.500798
3.723521, 1.500005
1.825587, 1.501491
3.651152, 1.500058
3.026918, 1.500066
2.423745, 1.500660
2.471381, 1.500420
2.770834, 1.500279
1.853920, 1.501155
16.571786, 1.500004

789
1.627615, 1.500319
1.527317, 1.502001
3.723521, 1.500005
3.651152, 1.500058
3.026918, 1.500066
2.770834, 1.500279
16.571786, 1.500004

790
2.910503, 1.500233
4.568631, 1.500001
1.627615, 1.500319
1.527317, 1.502001
3.723521, 1.500005
3.651152, 1.500058
3.026918, 1.500066
2.770834, 1.500279

791
3.046388, 1.500044
3.445009, 1.500016
2.910503, 1.500233
4.568631, 1.500001
1.627615, 1.500319
1.527317, 1.502001
3.723521, 1.500005
3.026918, 1.500066
2.770834, 1.500279

792
2.876013, 1.500180
3.678031, 1.500013
3.046388, 1.500044
3.445009, 1.500016
4.568631, 1.500001
1.627615, 1.500319
1.527317, 1.502001
3.723521, 1.500005
3.026918, 1.500066
2.770834, 1.500279

793
2.731825, 1.500167
1.926698, 1.500300
6.436510, 1.500001
3.678031, 1.500013
3.046388, 1.500044
3.445009, 1.500016
4.568631, 1.500001
1.627615, 1.500319
1.527317, 1.502001
3.723521, 1.500005
3.026918, 1.500066

794
2.731825, 1.500167
1.926698, 1.500300
6.436510, 1.500001
3.678031, 1.500013
3.046388, 1.500044
3.445009, 1.500016
4.568631, 1.500001
1.627615, 1.500319
1.527317, 1.502001
3.723521, 1.500005
3.026918, 1.500066

795
2.458336, 1.500026
1.558907, 1.500688
1.926698, 1.500300
6.436510, 1.500001
3.678031, 1.500013
3.445009, 1.500016
4.568631, 1.500001
1.627615, 1.500319
1.527317, 1.502001
3.723521, 1.500005

796
3.383086, 1.500018
2.458336, 1.500026
1.558907, 1.500688
1.926698, 1.500300
6.436510, 1.500001
3.678031, 1.500013
3.445009, 1.500016
4.568631, 1.500001
1.627615, 1.500319
1.527317, 1.502001
3.723521, 1.500005

797
3.383086, 1.500018
2.458336, 1.500026
1.558907, 1.500688
1.926698, 1.500300
6.436510, 1.500001
3.678031, 1.500013
3.445009, 1.500016
4.568631, 1.500001
1.627615, 1.500319
1.527317, 1.502001
3.723521, 1.500005

798
2.465095, 1.500016
2.458336, 1.500026
1.558907, 1.500688
1.926698, 1.500300
6.436510, 1.500001
3.678031, 1.500013
4.568631, 1.500001
1.627615, 1.500319
1.527317, 1.502001
3.723521, 1.500005

799
1.263977, 1.500668
2.465095, 1.500016
2.458336, 1.500026
1.926698, 1.500300
6.436510, 1.500001
3.678031, 1.500013
4.568631, 1.500001
1.627615, 1.500319
3.723521, 1.500005

800
1.263977, 1.500668
2.465095, 1.500016
2.458336, 1.500026
1.926698, 1.500300
6.436510, 1.500001
3.678031, 1.500013
4.568631, 1.500001
1.627615, 1.500319
3.723521, 1.500005

801
1.263977, 1.500668
2.465095, 1.500016
2.458336, 1.500026
1.926698, 1.500300
6.436510, 1.500001
3.678031, 1.500013
4.568631, 1.500001
1.627615, 1.500319
3.723521, 1.500005

802
1.457505, 1.500553
1.263977, 1.500668
2.465095, 1.500016
2.458336, 1.500026
1.926698, 1.500300
6.436510, 1.500001
3.678031, 1.500013
4.568631, 1.500001
1.627615, 1.500319
3.723521, 1.500005

803
1.620504, 1.500386
2.412195, 1.500038
1.457505, 1.500553
1.263977, 1.500668
2.465095, 1.500016
2.458336, 1.500026
1.926698, 1.500300
6.436510, 1.500001
3.678031, 1.500013
4.568631, 1.500001
1.627615, 1.500319
3.723521, 1.500005

804
1.620504, 1.500386
2.412195, 1.500038
1.457505, 1.500553
1.263977, 1.500668
2.465095, 1.500016
2.458336, 1.500026
1.926698, 1.500300
6.436510, 1.500001
3.678031, 1.500013
4.568631, 1.500001
1.627615, 1.500319
3.723521, 1.500005

805
1.620504, 1.500386
2.412195, 1.500038
1.457505, 1.500553
1.263977, 1.500668
2.465095, 1.500016
2.458336, 1.500026
1.926698, 1.500300
6.436510, 1.500001
3.678031, 1.500013
4.568631, 1.500001
1.627615, 1.500319
3.723521, 1.500005

806
1.620504, 1.500386
2.412195, 1.500038
1.457505, 1.500553
1.263977, 1.500668
2.465095, 1.500016
2.458336, 1.500026
1.926698, 1.500300
6.436510, 1.500001
3.678031, 1.500013
4.568631, 1.500001
1.627615, 1.500319
3.723521, 1.500005

807
2.215849, 1.500077
1.620504, 1.500386
2.412195, 1.500038
1.457505, 1.500553
1.263977, 1.500668
2.465095, 1.500016
2.458336, 1.500026
1.926698, 1.500300
6.436510, 1.500001
3.678031, 1.500013
4.568631, 1.500001
1.627615, 1.500319
3.723521, 1.500005

808
2.129906, 1.500041
1.620504, 1.500386
2.412195, 1.500038
1.457505, 1.500553
1.263977, 1.500668
2.465095, 1.500016
2.458336, 1.500026
1.926698, 1.500300
6.436510, 1.500001
3.678031, 1.500013
4.568631, 1.500001
1.627615, 1.500319
3.723521, 1.500005

809
2.129906, 1.500041
1.620504, 1.500386
2.412195, 1.500038
1.457505, 1.500553
1.263977, 1.500668
2.465095, 1.500016
2.458336, 1.500026
1.926698, 1.500300
6.436510, 1.500001
3.678031, 1.500013
4.568631, 1.500001
1.627615, 1.500319
3.723521, 1.500005

810
2.129906, 1.500041
1.620504, 1.500386
2.412195, 1.500038
1.457505, 1.500553
1.263977, 1.500668
2.465095, 1.500016
2.458336, 1.500026
1.926698, 1.500300
6.436510, 1.500001
3.678031, 1.500013
4.568631, 1.500001
1.627615, 1.500319
3.723521, 1.500005

811
1.083772, 1.500543
2.129906, 1.500041
1.620504, 1.500386
2.412195, 1.500038
2.465095, 1.500016
2.458336, 1.500026
1.926698, 1.500300
6.436510, 1.500001
3.678031, 1.500013
4.568631, 1.500001
1.627615, 1.500319
3.723521, 1.500005

812
1.083772, 1.500543
2.129906, 1.500041
1.620504, 1.500386
2.412195, 1.500038
2.465095, 1.500016
2.458336, 1.500026
1.926698, 1.500300
6.436510, 1.500001
3.678031, 1.500013
4.568631, 1.500001
1.627615, 1.500319
3.723521, 1.500005

813
1.083772, 1.500543
2.129906, 1.500041
1.620504, 1.500386
2.412195, 1.500038
2.465095, 1.500016
2.458336, 1.500026
1.926698, 1.500300
6.436510, 1.500001
3.678031, 1.500013
4.568631, 1.500001
1.627615, 1.500319
3.723521, 1.500005

814
1.083772, 1.500543
2.129906, 1.500041
1.620504, 1.500386
2.412195, 1.500038
2.465095, 1.500016
2.458336, 1.500026
1.926698, 1.500300
6.436510, 1.500001
3.678031, 1.500013
4.568631, 1.500001
1.627615, 1.500319
3.723521, 1.500005

815
1.438231, 1.500320
1.083772, 1.500543
2.129906, 1.500041
2.412195, 1.500038
2.465095, 1.500016
2.458336, 1.500026
1.926698, 1.500300
6.436510, 1.500001
3.678031, 1.500013
4.568631, 1.500001
1.627615, 1.500319
3.723521, 1.500005

816
2.552938, 1.500001
1.438231, 1.500320
1.083772, 1.500543
2.129906, 1.500041
2.412195, 1.500038
2.465095, 1.500016
2.458336, 1.500026
1.926698, 1.500300
6.436510, 1.500001
4.568631, 1.500001
1.627615, 1.500319

817
2.552938, 1.500001
1.438231, 1.500320
1.083772, 1.500543
2.129906, 1.500041
2.412195, 1.500038
2.465095, 1.500016
2.458336, 1.500026
1.926698, 1.500300
6.436510, 1.500001
4.568631, 1.500001
1.627615, 1.500319

818
2.552938, 1.500001
1.438231, 1.500320
1.083772, 1.500543
2.129906, 1.500041
2.412195, 1.500038
2.465095, 1.500016
2.458336, 1.500026
1.926698, 1.500300
6.436510, 1.500001
4.568631, 1.500001
1.627615, 1.500319

819
1.067628, 1.500540
2.552938, 1.500001
1.438231, 1.500320
2.129906, 1.500041
2.412195, 1.500038
2.465095, 1.500016
2.458336, 1.500026
1.926698, 1.500300
6.436510, 1.500001
4.568631, 1.500001
1.627615, 1.500319

820
1.067628, 1.500540
2.552938, 1.500001
1.438231, 1.500320
2.129906, 1.500041
2.412195, 1.500038
2.465095, 1.500016
2.458336, 1.500026
1.926698, 1.500300
6.436510, 1.500001
4.568631, 1.500001
1.627615, 1.500319

821
1.067628, 1.500540
2.552938, 1.500001
1.438231, 1.500320
2.129906, 1.500041
2.412195, 1.500038
2.465095, 1.500016
2.458336, 1.500026
1.926698, 1.500300
6.436510, 1.500001
4.568631, 1.500001
1.627615, 1.500319

822
1.734912, 1.500015
1.067628, 1.500540
2.552938, 1.500001
1.438231, 1.500320
6.436510, 1.500001
4.568631, 1.500001
1.627615, 1.500319

823
1.734912, 1.500015
1.067628, 1.500540
2.552938, 1.500001
1.438231, 1.500320
6.436510, 1.500001
4.568631, 1.500001
1.627615, 1.500319

824
1.032220, 1.500628
1.271944, 1.500005
1.067628, 1.500540
2.552938, 1.500001
6.436510, 1.500001
4.568631, 1.500001

825
1.032220, 1.500628
1.271944, 1.500005
1.067628, 1.500540
2.552938, 1.500001
6.436510, 1.500001
4.568631, 1.500001

826
1.032220, 1.500628
1.271944, 1.500005
1.067628, 1.500540
2.552938, 1.500001
6.436510, 1.500001
4.568631, 1.500001

827
1.032220, 1.500628
1.271944, 1.500005
1.067628, 1.500540
2.552938, 1.500001
6.436510, 1.500001
4.568631, 1.500001

828
2.127470, 1.500002
1.032220, 1.500628
1.271944, 1.500005
1.067628, 1.500540
2.552938, 1.500001
6.436510, 1.500001
4.568631, 1.500001

829
5.521576, 1.500001
2.127470, 1.500002
1.032220, 1.500628
1.271944, 1.500005
1.067628, 1.500540
2.552938, 1.500001
6.436510, 1.500001
4.568631, 1.500001

830
5.521576, 1.500001
2.127470, 1.500002
1.032220, 1.500628
1.271944, 1.500005
1.067628, 1.500540
2.552938, 1.500001
6.436510, 1.500001
4.568631, 1.500001

831
5.521576, 1.500001
2.127470, 1.500002
1.032220, 1.500628
1.271944, 1.500005
1.067628, 1.500540
2.552938, 1.500001
6.436510, 1.500001
4.568631, 1.500001

832
5.521576, 1.500001
2.127470, 1.500002
1.032220, 1.500628
1.271944, 1.500005
1.067628, 1.500540
2.552938, 1.500001
6.436510, 1.500001
4.568631, 1.500001

833
5.521576, 1.500001
2.127470, 1.500002
1.032220, 1.500628
1.271944, 1.500005
1.067628, 1.500540
2.552938, 1.500001
6.436510, 1.500001
4.568631, 1.500001

834
5.521576, 1.500001
2.127470, 1.500002
1.032220, 1.500628
1.271944, 1.500005
1.067628, 1.500540
2.552938, 1.500001
6.436510, 1.500001
4.568631, 1.500001

835
5.521576, 1.500001
2.127470, 1.500002
1.032220, 1.500628
1.271944, 1.500005
1.067628, 1.500540
2.552938, 1.500001
6.436510, 1.500001
4.568631, 1.500001

836
5.521576, 1.500001
2.127470, 1.500002
1.032220, 1.500628
1.271944, 1.500005
1.067628, 1.500540
2.552938, 1.500001
6.436510, 1.500001
4.568631, 1.500001

837
5.521576, 1.500001
2.127470, 1.500002
1.032220, 1.500628
1.271944, 1.500005
1.067628, 1.500540
2.552938, 1.500001
6.436510, 1.500001
4.568631, 1.500001

838
5.521576, 1.500001
2.127470, 1.500002
1.032220, 1.500628
1.271944, 1.500005
1.067628, 1.500540
2.552938, 1.500001
6.436510, 1.500001
4.568631, 1.500001

839
5.521576, 1.500001
2.127470, 1.500002
1.032220, 1.500628
1.271944, 1.500005
1.067628, 1.500540
2.552938, 1.500001
6.436510, 1.500001
4.568631, 1.500001

840
5.521576, 1.500001
2.127470, 1.500002
1.032220, 1.500628
1.271944, 1.500005
1.067628, 1.500540
2.552938, 1.500001
6.436510, 1.500001
4.568631, 1.500001

841
5.521576, 1.500001
2.127470, 1.500002
1.032220, 1.500628
1.271944, 1.500005
1.067628, 1.500540
2.552938, 1.500001
6.436510, 1.500001
4.568631, 1.500001

842
5.521576, 1.500001
2.127470, 1.500002
1.032220, 1.500628
1.271944, 1.500005
1.067628, 1.500540
2.552938, 1.500001
6.436510, 1.500001
4.568631, 1.500001

843
0.605790, 1.500171
5.521576, 1.500001
2.127470, 1.500002
1.271944, 1.500005
2.552938, 1.500001
6.436510, 1.500001
4.568631, 1.500001

844
0.605790, 1.500171
5.521576, 1.500001
2.127470, 1.500002
1.271944, 1.500005
2.552938, 1.500001
6.436510, 1.500001
4.568631, 1.500001

845
0.605790, 1.500171
5.521576, 1.500001
2.127470, 1.500002
1.271944, 1.500005
2.552938, 1.500001
6.436510, 1.500001
4.568631, 1.500001

846
0.605790, 1.500171
5.521576, 1.500001
2.127470, 1.500002
1.271944, 1.500005
2.552938, 1.500001
6.436510, 1.500001
4.568631, 1.500001

847
0.605790, 1.500171
5.521576, 1.500001
2.127470, 1.500002
1.271944, 1.500005
2.552938, 1.500001
6.436510, 1.500001
4.568631, 1.500001

848
0.605790, 1.500171
5.521576, 1.500001
2.127470, 1.500002
1.271944, 1.500005
2.552938, 1.500001
6.436510, 1.500001
4.568631, 1.500001

849
0.605790, 1.500171
5.521576, 1.500001
2.127470, 1.500002
1.271944, 1.500005
2.552938, 1.500001
6.436510, 1.500001
4.568631, 1.500001

850
0.605790, 1.500171
5.521576, 1.500001
2.127470, 1.500002
1.271944, 1.500005
2.552938, 1.500001
6.436510, 1.500001
4.568631, 1.500001

851
0.605790, 1.500171
5.521576, 1.500001
2.127470, 1.500002
1.271944, 1.500005
2.552938, 1.500001
6.436510, 1.500001
4.568631, 1.500001

852
0.605790, 1.500171
5.521576, 1.500001
2.127470, 1.500002
1.271944, 1.500005
2.552938, 1.500001
6.436510, 1.500001
4.568631, 1.500001

853
0.605790, 1.500171
5.521576, 1.500001
2.127470, 1.500002
1.271944, 1.500005
2.552938, 1.500001
6.436510, 1.500001
4.568631, 1.500001

854
0.605790, 1.500171
5.521576, 1.500001
2.127470, 1.500002
1.271944, 1.500005
2.552938, 1.500001
6.436510, 1.500001
4.568631, 1.500001

855
5.914109, 1.500000
0.605790, 1.500171
5.521576, 1.500001
2.127470, 1.500002
1.271944, 1.500005
2.552938, 1.500001
4.568631, 1.500001

856
5.914109, 1.500000
0.605790, 1.500171
5.521576, 1.500001
2.127470, 1.500002
1.271944, 1.500005
2.552938, 1.500001
4.568631, 1.500001

857
5.914109, 1.500000
0.605790, 1.500171
5.521576, 1.500001
2.127470, 1.500002
1.271944, 1.500005
2.552938, 1.500001
4.568631, 1.500001

858
5.914109, 1.500000
0.605790, 1.500171
5.521576, 1.500001
2.127470, 1.500002
1.271944, 1.500005
2.552938, 1.500001
4.568631, 1.500001

859
5.914109, 1.500000
0.605790, 1.500171
5.521576, 1.500001
2.127470, 1.500002
1.271944, 1.500005
2.552938, 1.500001
4.568631, 1.500001

860
5.914109, 1.500000
0.605790, 1.500171
5.521576, 1.500001
2.127470, 1.500002
1.271944, 1.500005
2.552938, 1.500001
4.568631, 1.500001

861
5.914109, 1.500000
0.605790, 1.500171
5.521576, 1.500001
2.127470, 1.500002
1.271944, 1.500005
2.552938, 1.500001
4.568631, 1.500001

862
5.914109, 1.500000
0.605790, 1.500171
5.521576, 1.500001
2.127470, 1.500002
1.271944, 1.500005
2.552938, 1.500001
4.568631, 1.500001

863
5.914109, 1.500000
0.605790, 1.500171
5.521576, 1.500001
2.127470, 1.500002
1.271944, 1.500005
2.552938, 1.500001
4.568631, 1.500001

864
5.914109, 1.500000
0.605790, 1.500171
5.521576, 1.500001
2.127470, 1.500002
1.271944, 1.500005
2.552938, 1.500001
4.568631, 1.500001

865
5.914109, 1.500000
0.605790, 1.500171
5.521576, 1.500001
2.127470, 1.500002
1.271944, 1.500005
2.552938, 1.500001
4.568631, 1.500001

866
5.914109, 1.500000
0.605790, 1.500171
5.521576, 1.500001
2.127470, 1.500002
1.271944, 1.500005
2.552938, 1.500001
4.568631, 1.500001

867
5.914109, 1.500000
0.605790, 1.500171
5.521576, 1.500001
2.127470, 1.500002
1.271944, 1.500005
2.552938, 1.500001
4.568631, 1.500001

868
5.914109, 1.500000
0.605790, 1.500171
5.521576, 1.500001
2.127470, 1.500002
1.271944, 1.500005
2.552938, 1.500001
4.568631, 1.500001

869
5.914109, 1.500000
0.605790, 1.500171
5.521576, 1.500001
2.127470, 1.500002
1.271944, 1.500005
2.552938, 1.500001
4.568631, 1.500001

870
5.914109, 1.500000
0.605790, 1.500171
5.521576, 1.500001
2.127470, 1.500002
1.271944, 1.500005
2.552938, 1.500001
4.568631, 1.500001

871
5.914109, 1.500000
0.605790, 1.500171
5.521576, 1.500001
2.127470, 1.500002
1.271944, 1.500005
2.552938, 1.500001
4.568631, 1.500001

872
5.914109, 1.500000
0.605790, 1.500171
5.521576, 1.500001
2.127470, 1.500002
1.271944, 1.500005
2.552938, 1.500001
4.568631, 1.500001

873
5.914109, 1.500000
0.605790, 1.500171
5.521576, 1.500001
2.127470, 1.500002
1.271944, 1.500005
2.552938, 1.500001
4.568631, 1.500001

874
5.914109, 1.500000
0.605790, 1.500171
5.521576, 1.500001
2.127470, 1.500002
1.271944, 1.500005
2.552938, 1.500001
4.568631, 1.500001

875
5.914109, 1.500000
0.605790, 1.500171
5.521576, 1.500001
2.127470, 1.500002
1.271944, 1.500005
2.552938, 1.500001
4.568631, 1.500001

876
3.234675, 1.500001
5.914109, 1.500000
0.605790, 1.500171
2.127470, 1.500002
1.271944, 1.500005
2.552938, 1.500001

877
3.234675, 1.500001
5.914109, 1.500000
0.605790, 1.500171
2.127470, 1.500002
1.271944, 1.500005
2.552938, 1.500001

878
3.234675, 1.500001
5.914109, 1.500000
0.605790, 1.500171
2.127470, 1.500002
1.271944, 1.500005
2.552938, 1.500001

879
3.234675, 1.500001
5.914109, 1.500000
0.605790, 1.500171
2.127470, 1.500002
1.271944, 1.500005
2.552938, 1.500001

880
3.234675, 1.500001
5.914109, 1.500000
0.605790, 1.500171
2.127470, 1.500002
1.271944, 1.500005
2.552938, 1.500001

881
3.234675, 1.500001
5.914109, 1.500000
0.605790, 1.500171
2.127470, 1.500002
1.271944, 1.500005
2.552938, 1.500001

882
0.912152, 1.500142
3.234675, 1.500001
5.914109, 1.500000
0.605790, 1.500171
2.127470, 1.500002
1.271944, 1.500005
2.552938, 1.500001

883
0.664667, 1.500071
3.234675, 1.500001
5.914109, 1.500000
0.605790, 1.500171
2.127470, 1.500002
1.271944, 1.500005
2.552938, 1.500001

884
1.115419, 1.500022
0.664667, 1.500071
3.234675, 1.500001
5.914109, 1.500000
0.605790, 1.500171
2.127470, 1.500002
1.271944, 1.500005
2.552938, 1.500001

885
1.115419, 1.500022
0.664667, 1.500071
3.234675, 1.500001
5.914109, 1.500000
0.605790, 1.500171
2.127470, 1.500002
1.271944, 1.500005
2.552938, 1.500001

886
1.115419, 1.500022
0.664667, 1.500071
3.234675, 1.500001
5.914109, 1.500000
0.605790, 1.500171
2.127470, 1.500002
1.271944, 1.500005
2.552938, 1.500001

887
1.115419, 1.500022
0.664667, 1.500071
3.234675, 1.500001
5.914109, 1.500000
0.605790, 1.500171
2.127470, 1.500002
1.271944, 1.500005
2.552938, 1.500001

888
1.115419, 1.500022
0.664667, 1.500071
3.234675, 1.500001
5.914109, 1.500000
0.605790, 1.500171
2.127470, 1.500002
1.271944, 1.500005
2.552938, 1.500001

889
0.882891, 1.500057
1.115419, 1.500022
0.664667, 1.500071
3.234675, 1.500001
5.914109, 1.500000
0.605790, 1.500171
2.127470, 1.500002
1.271944, 1.500005
2.552938, 1.500001

890
0.882891, 1.500057
1.115419, 1.500022
0.664667, 1.500071
3.234675, 1.500001
5.914109, 1.500000
0.605790, 1.500171
2.127470, 1.500002
1.271944, 1.500005
2.552938, 1.500001

891
0.882891, 1.500057
1.115419, 1.500022
0.664667, 1.500071
3.234675, 1.500001
5.914109, 1.500000
0.605790, 1.500171
2.127470, 1.500002
1.271944, 1.500005
2.552938, 1.500001

892
1.662877, 1.500000
0.882891, 1.500057
1.115419, 1.500022
0.664667, 1.500071
5.914109, 1.500000
0.605790, 1.500171
1.271944, 1.500005

893
1.662877, 1.500000
0.882891, 1.500057
1.115419, 1.500022
0.664667, 1.500071
5.914109, 1.500000
0.605790, 1.500171
1.271944, 1.500005

894
1.184817, 1.500008
1.065597, 1.500048
1.662877, 1.500000
0.882891, 1.500057
1.115419, 1.500022
0.664667, 1.500071
5.914109, 1.500000
0.605790, 1.500171
1.271944, 1.500005

895
1.165744, 1.500000
1.065597, 1.500048
1.662877, 1.500000
0.882891, 1.500057
1.115419, 1.500022
0.664667, 1.500071
5.914109, 1.500000
0.605790, 1.500171

896
1.009890, 1.500049
1.165744, 1.500000
1.065597, 1.500048
1.662877, 1.500000
0.882891, 1.500057
1.115419, 1.500022
0.664667, 1.500071
5.914109, 1.500000
0.605790, 1.500171

897
1.009890, 1.500049
1.165744, 1.500000
1.065597, 1.500048
1.662877, 1.500000
0.882891, 1.500057
1.115419, 1.500022
0.664667, 1.500071
5.914109, 1.500000
0.605790, 1.500171

898
0.541893, 1.500409
1.101942, 1.500009
1.009890, 1.500049
1.165744, 1.500000
1.065597, 1.500048
1.662877, 1.500000
0.882891, 1.500057
0.664667, 1.500071
5.914109, 1.500000
0.605790, 1.500171

899
0.637424, 1.500000
0.541893, 1.500409
1.662877, 1.500000
5.914109, 1.500000
0.605790, 1.500171

900
0.637424, 1.500000
0.541893, 1.500409
1.662877, 1.500000
5.914109, 1.500000
0.605790, 1.500171

901
0.615099, 1.500116
0.637424, 1.500000
0.541893, 1.500409
1.662877, 1.500000
5.914109, 1.500000
0.605790, 1.500171

902
0.615099, 1.500116
0.637424, 1.500000
0.541893, 1.500409
1.662877, 1.500000
5.914109, 1.500000
0.605790, 1.500171

903
0.599762, 1.500051
0.468422, 1.500726
0.637424, 1.500000
0.541893, 1.500409
1.662877, 1.500000
5.914109, 1.500000

904
0.341938, 1.500195
0.599762, 1.500051
0.637424, 1.500000
1.662877, 1.500000
5.914109, 1.500000

905
0.460370, 1.500078
0.341938, 1.500195
0.599762, 1.500051
0.637424, 1.500000
1.662877, 1.500000
5.914109, 1.500000

906
0.473173, 1.500036
0.460370, 1.500078
0.341938, 1.500195
0.637424, 1.500000
1.662877, 1.500000
5.914109, 1.500000

907
0.473173, 1.500036
0.460370, 1.500078
0.341938, 1.500195
0.637424, 1.500000
1.662877, 1.500000
5.914109, 1.500000

908
0.473173, 1.500036
0.460370, 1.500078
0.341938, 1.500195
0.637424, 1.500000
1.662877, 1.500000
5.914109, 1.500000

909
0.473173, 1.500036
0.460370, 1.500078
0.341938, 1.500195
0.637424, 1.500000
1.662877, 1.500000
5.914109, 1.500000

910
0.630456, 1.500000
0.339984, 1.500439
0.473173, 1.500036
0.460370, 1.500078
0.341938, 1.500195
5.914109, 1.500000

911
0.384990, 1.500097
0.345966, 1.500128
0.630456, 1.500000
0.339984, 1.500439
0.473173, 1.500036
0.460370, 1.500078
0.341938, 1.500195
5.914109, 1.500000

912
0.309167, 1.500120
0.384990, 1.500097
0.630456, 1.500000
0.473173, 1.500036
0.460370, 1.500078
5.914109, 1.500000

913
0.259979, 1.500029
0.630456, 1.500000
5.914109, 1.500000

914
0.259979, 1.500029
0.630456, 1.500000
5.914109, 1.500000

915
0.215664, 1.500036
0.621325, 1.500008
0.259979, 1.500029
0.630456, 1.500000
5.914109, 1.500000

916
0.528053, 1.500008
0.215664, 1.500036
0.259979, 1.500029
0.630456, 1.500000
5.914109, 1.500000

917
0.417472, 1.500010
0.528053, 1.500008
0.215664, 1.500036
0.259979, 1.500029
0.630456, 1.500000
5.914109, 1.500000

918
0.417472, 1.500010
0.528053, 1.500008
0.215664, 1.500036
0.259979, 1.500029
0.630456, 1.500000
5.914109, 1.500000

919
0.417472, 1.500010
0.528053, 1.500008
0.215664, 1.500036
0.259979, 1.500029
0.630456, 1.500000
5.914109, 1.500000

920
0.451720, 1.500005
0.184310, 1.500295
0.417472, 1.500010
0.215664, 1.500036
0.259979, 1.500029
0.630456, 1.500000
5.914109, 1.500000

921
0.451720, 1.500005
0.184310, 1.500295
0.417472, 1.500010
0.215664, 1.500036
0.259979, 1.500029
0.630456, 1.500000
5.914109, 1.500000

922
0.451720, 1.500005
0.184310, 1.500295
0.417472, 1.500010
0.215664, 1.500036
0.259979, 1.500029
0.630456, 1.500000
5.914109, 1.500000

923
0.210258, 1.500079
0.352962, 1.500018
0.451720, 1.500005
0.184310, 1.500295
0.417472, 1.500010
0.215664, 1.500036
0.259979, 1.500029
0.630456, 1.500000
5.914109, 1.500000

924
0.210258, 1.500079
0.352962, 1.500018
0.451720, 1.500005
0.184310, 1.500295
0.417472, 1.500010
0.215664, 1.500036
0.259979, 1.500029
0.630456, 1.500000
5.914109, 1.500000

925
0.256942, 1.500002
0.210258, 1.500079
0.184310, 1.500295
0.215664, 1.500036
0.630456, 1.500000
5.914109, 1.500000

926
0.256942, 1.500002
0.210258, 1.500079
0.184310, 1.500295
0.215664, 1.500036
0.630456, 1.500000
5.914109, 1.500000

927
0.219117, 1.500034
0.256942, 1.500002
0.210258, 1.500079
0.184310, 1.500295
0.215664, 1.500036
0.630456, 1.500000
5.914109, 1.500000

928
0.219117, 1.500034
0.256942, 1.500002
0.210258, 1.500079
0.184310, 1.500295
0.215664, 1.500036
0.630456, 1.500000
5.914109, 1.500000

929
0.538368, 1.500001
0.219117, 1.500034
0.256942, 1.500002
0.210258, 1.500079
0.184310, 1.500295
0.215664, 1.500036
0.630456, 1.500000
5.914109, 1.500000

930
0.175393, 1.500018
0.179648, 1.500017
0.538368, 1.500001
0.256942, 1.500002
0.630456, 1.500000
5.914109, 1.500000

931
0.167496, 1.500087
0.175393, 1.500018
0.179648, 1.500017
0.538368, 1.500001
0.256942, 1.500002
0.630456, 1.500000
5.914109, 1.500000

932
0.146518, 1.500168
0.167496, 1.500087
0.175393, 1.500018
0.179648, 1.500017
0.538368, 1.500001
0.256942, 1.500002
0.630456, 1.500000
5.914109, 1.500000

933
0.184311, 1.500006
0.146518, 1.500168
0.167496, 1.500087
0.175393, 1.500018
0.179648, 1.500017
0.538368, 1.500001
0.256942, 1.500002
0.630456, 1.500000
5.914109, 1.500000

934
0.174233, 1.500036
0.184311, 1.500006
0.146518, 1.500168
0.167496, 1.500087
0.175393, 1.500018
0.179648, 1.500017
0.538368, 1.500001
0.256942, 1.500002
0.630456, 1.500000
5.914109, 1.500000

935
0.214781, 1.500001
0.174233, 1.500036
0.184311, 1.500006
0.146518, 1.500168
0.167496, 1.500087
0.175393, 1.500018
0.179648, 1.500017
0.630456, 1.500000
5.914109, 1.500000

936
0.160860, 1.500019
0.214781, 1.500001
0.184311, 1.500006
0.146518, 1.500168
0.175393, 1.500018
0.179648, 1.500017
0.630456, 1.500000
5.914109, 1.500000

937
0.160418, 1.500001
0.146518, 1.500168
0.630456, 1.500000
5.914109, 1.500000

938
0.160418, 1.500001
0.146518, 1.500168
0.630456, 1.500000
5.914109, 1.500000

939
0.199251, 1.500001
0.160418, 1.500001
0.146518, 1.500168
0.630456, 1.500000
5.914109, 1.500000

940
0.199251, 1.500001
0.160418, 1.500001
0.146518, 1.500168
0.630456, 1.500000
5.914109, 1.500000

941
0.199251, 1.500001
0.160418, 1.500001
0.146518, 1.500168
0.630456, 1.500000
5.914109, 1.500000

942
0.199251, 1.500001
0.160418, 1.500001
0.146518, 1.500168
0.630456, 1.500000
5.914109, 1.500000

943
0.297271, 1.500001
0.199251, 1.500001
0.160418, 1.500001
0.146518, 1.500168
0.630456, 1.500000
5.914109, 1.500000

944
0.140132, 1.500289
0.159986, 1.500155
0.297271, 1.500001
0.199251, 1.500001
0.160418, 1.500001
0.146518, 1.500168
0.630456, 1.500000
5.914109, 1.500000

945
0.140132, 1.500289
0.159986, 1.500155
0.297271, 1.500001
0.199251, 1.500001
0.160418, 1.500001
0.146518, 1.500168
0.630456, 1.500000
5.914109, 1.500000

946
0.140132, 1.500289
0.159986, 1.500155
0.297271, 1.500001
0.199251, 1.500001
0.160418, 1.500001
0.146518, 1.500168
0.630456, 1.500000
5.914109, 1.500000

947
0.140132, 1.500289
0.159986, 1.500155
0.297271, 1.500001
0.199251, 1.500001
0.160418, 1.500001
0.146518, 1.500168
0.630456, 1.500000
5.914109, 1.500000

948
0.151977, 1.500018
0.138022, 1.500091
0.297271, 1.500001
0.199251, 1.500001
0.160418, 1.500001
0.630456, 1.500000
5.914109, 1.500000

949
0.275150, 1.500000
0.151977, 1.500018
0.138022, 1.500091
0.199251, 1.500001
0.160418, 1.500001
5.914109, 1.500000

950
0.275150, 1.500000
0.151977, 1.500018
0.138022, 1.500091
0.199251, 1.500001
0.160418, 1.500001
5.914109, 1.500000

951
0.275150, 1.500000
0.151977, 1.500018
0.138022, 1.500091
0.199251, 1.500001
0.160418, 1.500001
5.914109, 1.500000

952
0.275150, 1.500000
0.151977, 1.500018
0.138022, 1.500091
0.199251, 1.500001
0.160418, 1.500001
5.914109, 1.500000

953
0.275150, 1.500000
0.151977, 1.500018
0.138022, 1.500091
0.199251, 1.500001
0.160418, 1.500001
5.914109, 1.500000

954
0.275150, 1.500000
0.151977, 1.500018
0.138022, 1.500091
0.199251, 1.500001
0.160418, 1.500001
5.914109, 1.500000

955
0.275150, 1.500000
0.151977, 1.500018
0.138022, 1.500091
0.199251, 1.500001
0.160418, 1.500001
5.914109, 1.500000

956
0.253401, 1.500001
0.275150, 1.500000
0.151977, 1.500018
0.138022, 1.500091
0.199251, 1.500001
0.160418, 1.500001
5.914109, 1.500000

957
0.105926, 1.500018
0.253401, 1.500001
0.275150, 1.500000
0.151977, 1.500018
0.199251, 1.500001
0.160418, 1.500001
5.914109, 1.500000

958
0.105926, 1.500018
0.253401, 1.500001
0.275150, 1.500000
0.151977, 1.500018
0.199251, 1.500001
0.160418, 1.500001
5.914109, 1.500000

959
0.105926, 1.500018
0.253401, 1.500001
0.275150, 1.500000
0.151977, 1.500018
0.199251, 1.500001
0.160418, 1.500001
5.914109, 1.500000

960
0.105926, 1.500018
0.253401, 1.500001
0.275150, 1.500000
0.151977, 1.500018
0.199251, 1.500001
0.160418, 1.500001
5.914109, 1.500000

961
0.105926, 1.500018
0.253401, 1.500001
0.275150, 1.500000
0.151977, 1.500018
0.199251, 1.500001
0.160418, 1.500001
5.914109, 1.500000

962
0.072914, 1.500057
0.105926, 1.500018
0.253401, 1.500001
0.275150, 1.500000
0.151977, 1.500018
0.199251, 1.500001
0.160418, 1.500001
5.914109, 1.500000

963
0.072914, 1.500057
0.105926, 1.500018
0.253401, 1.500001
0.275150, 1.500000
0.151977, 1.500018
0.199251, 1.500001
0.160418, 1.500001
5.914109, 1.500000

964
0.151715, 1.500008
0.072914, 1.500057
0.105926, 1.500018
0.253401, 1.500001
0.275150, 1.500000
0.199251, 1.500001
0.160418, 1.500001
5.914109, 1.500000

965
0.107412, 1.500009
0.147316, 1.500008
0.151715, 1.500008
0.072914, 1.500057
0.105926, 1.500018
0.253401, 1.500001
0.275150, 1.500000
0.199251, 1.500001
0.160418, 1.500001
5.914109, 1.500000

966
0.132863, 1.500000
0.107412, 1.500009
0.072914, 1.500057
0.105926, 1.500018
0.275150, 1.500000
5.914109, 1.500000

967
0.108043, 1.500004
0.132863, 1.500000
0.107412, 1.500009
0.072914, 1.500057
0.105926, 1.500018
0.275150, 1.500000
5.914109, 1.500000

968
0.125934, 1.500004
0.108043, 1.500004
0.132863, 1.500000
0.107412, 1.500009
0.072914, 1.500057
0.105926, 1.500018
0.275150, 1.500000
5.914109, 1.500000

969
0.105366, 1.500036
0.125934, 1.500004
0.108043, 1.500004
0.132863, 1.500000
0.107412, 1.500009
0.072914, 1.500057
0.105926, 1.500018
0.275150, 1.500000
5.914109, 1.500000

970
0.105366, 1.500036
0.125934, 1.500004
0.108043, 1.500004
0.132863, 1.500000
0.107412, 1.500009
0.072914, 1.500057
0.105926, 1.500018
0.275150, 1.500000
5.914109, 1.500000

971
0.105366, 1.500036
0.125934, 1.500004
0.108043, 1.500004
0.132863, 1.500000
0.107412, 1.500009
0.072914, 1.500057
0.105926, 1.500018
0.275150, 1.500000
5.914109, 1.500000

972
0.091645, 1.500036
0.125934, 1.500004
0.108043, 1.500004
0.132863, 1.500000
0.107412, 1.500009
0.072914, 1.500057
0.105926, 1.500018
0.275150, 1.500000
5.914109, 1.500000

973
0.069460, 1.500009
0.108393, 1.500002
0.108043, 1.500004
0.132863, 1.500000
0.275150, 1.500000
5.914109, 1.500000

974
0.107402, 1.500004
0.066197, 1.500022
0.109535, 1.500001
0.069460, 1.500009
0.108393, 1.500002
0.132863, 1.500000
0.275150, 1.500000
5.914109, 1.500000

975
0.086246, 1.500003
0.066197, 1.500022
0.109535, 1.500001
0.069460, 1.500009
0.108393, 1.500002
0.132863, 1.500000
0.275150, 1.500000
5.914109, 1.500000

976
0.151148, 1.500000
0.073801, 1.500008
0.086246, 1.500003
0.066197, 1.500022
0.109535, 1.500001
0.069460, 1.500009
0.108393, 1.500002
0.132863, 1.500000
5.914109, 1.500000

977
0.151148, 1.500000
0.073801, 1.500008
0.086246, 1.500003
0.066197, 1.500022
0.109535, 1.500001
0.069460, 1.500009
0.108393, 1.500002
0.132863, 1.500000
5.914109, 1.500000

978
0.151148, 1.500000
0.073801, 1.500008
0.086246, 1.500003
0.066197, 1.500022
0.109535, 1.500001
0.069460, 1.500009
0.108393, 1.500002
0.132863, 1.500000
5.914109, 1.500000

979
0.073111, 1.500000
0.065741, 1.500031
0.071641, 1.500002
0.151148, 1.500000
0.066197, 1.500022
0.069460, 1.500009
5.914109, 1.500000

980
0.073111, 1.500000
0.065741, 1.500031
0.071641, 1.500002
0.151148, 1.500000
0.066197, 1.500022
0.069460, 1.500009
5.914109, 1.500000

981
0.073111, 1.500000
0.065741, 1.500031
0.071641, 1.500002
0.151148, 1.500000
0.066197, 1.500022
0.069460, 1.500009
5.914109, 1.500000

982
0.068187, 1.500011
0.073111, 1.500000
0.065741, 1.500031
0.071641, 1.500002
0.151148, 1.500000
0.066197, 1.500022
0.069460, 1.500009
5.914109, 1.500000

983
0.065777, 1.500025
0.068187, 1.500011
0.073111, 1.500000
0.065741, 1.500031
0.071641, 1.500002
0.151148, 1.500000
0.066197, 1.500022
0.069460, 1.500009
5.914109, 1.500000

984
0.065777, 1.500025
0.068187, 1.500011
0.073111, 1.500000
0.065741, 1.500031
0.071641, 1.500002
0.151148, 1.500000
0.066197, 1.500022
0.069460, 1.500009
5.914109, 1.500000

985
0.062287, 1.500011
0.068187, 1.500011
0.073111, 1.500000
0.071641, 1.500002
0.151148, 1.500000
0.069460, 1.500009
5.914109, 1.500000

986
0.067561, 1.500011
0.056480, 1.500014
0.070017, 1.500008
0.062287, 1.500011
0.073111, 1.500000
0.071641, 1.500002
0.151148, 1.500000
0.069460, 1.500009
5.914109, 1.500000

987
0.067561, 1.500011
0.056480, 1.500014
0.070017, 1.500008
0.062287, 1.500011
0.073111, 1.500000
0.071641, 1.500002
0.151148, 1.500000
0.069460, 1.500009
5.914109, 1.500000

988
0.067561, 1.500011
0.056480, 1.500014
0.070017, 1.500008
0.062287, 1.500011
0.073111, 1.500000
0.071641, 1.500002
0.151148, 1.500000
0.069460, 1.500009
5.914109, 1.500000

989
0.049184, 1.500001
0.073111, 1.500000
0.151148, 1.500000
5.914109, 1.500000

990
0.049184, 1.500001
0.073111, 1.500000
0.151148, 1.500000
5.914109, 1.500000

991
0.049184, 1.500001
0.073111, 1.500000
0.151148, 1.500000
5.914109, 1.500000

992
0.049184, 1.500001
0.073111, 1.500000
0.151148, 1.500000
5.914109, 1.500000

993
0.049184, 1.500001
0.073111, 1.500000
0.151148, 1.500000
5.914109, 1.500000

994
0.049184, 1.500001
0.073111, 1.500000
0.151148, 1.500000
5.914109, 1.500000

995
0.049184, 1.500001
0.073111, 1.500000
0.151148, 1.500000
5.914109, 1.500000

996
0.049184, 1.500001
0.073111, 1.500000
0.151148, 1.500000
5.914109, 1.500000

997
0.049184, 1.500001
0.073111, 1.500000
0.151148, 1.500000
5.914109, 1.500000

998
0.049184, 1.500001
0.073111, 1.500000
0.151148, 1.500000
5.914109, 1.500000

999
0.049184, 1.500001
0.073111, 1.500000
0.151148, 1.500000
5.914109, 1.500000

